[
[
[2,12,4,38,8,36,10,18,16,20,9,19,14,34,11,24,13,30,15,28,22,26,17,35,21,27,6,29,7,23,5,32,3,33,25,37,31,39],
[1,12,38,4,36,8,18,10,34,20,39,19,30,16,35,14,28,24,26,9,22,13,37,15,27,17,29,11,23,21,32,6,33,7,25,5,31,3],
[4,12,8,38,10,36,16,18,9,20,14,19,11,34,13,24,15,30,22,28,17,26,6,21,7,27,5,29,23,35,32,1,33,37,25,39,31,2],
[3,12,1,38,2,36,39,18,34,8,20,10,30,19,35,16,28,14,26,24,37,22,27,13,29,15,32,17,23,9,21,11,33,6,25,7,31,5],
[6,8,7,10,9,12,11,14,13,16,15,18,17,20,19,38,22,24,21,30,26,34,28,36,27,3,29,35,23,1,32,37,33,39,25,2,31,4],
[5,8,12,10,38,9,16,14,18,11,20,13,19,15,34,24,36,22,30,17,28,26,3,21,35,27,1,29,37,23,39,32,2,33,4,25,31,7],
[8,5,10,12,9,38,14,16,11,18,13,20,15,19,17,24,22,34,30,36,26,28,21,3,27,35,29,1,23,37,32,39,33,2,25,4,31,6],
[7,5,6,12,3,38,1,36,2,18,39,34,4,20,35,30,37,19,28,10,26,16,24,14,27,22,32,29,33,15,23,13,21,17,31,11,25,9],
[10,5,12,7,38,6,16,36,18,3,20,1,19,34,14,30,24,35,28,39,26,2,22,37,13,27,15,29,17,32,23,4,21,33,11,31,25,8],
[9,5,7,12,6,38,3,36,1,18,2,34,39,20,4,30,35,19,37,28,8,26,32,24,33,27,31,22,29,16,23,14,21,15,17,13,25,11],
[12,5,14,38,16,7,18,6,20,36,19,3,34,1,24,30,13,28,15,26,22,35,17,37,27,39,29,2,23,32,21,4,33,9,31,8,25,10],
[11,5,9,7,10,6,8,3,4,1,2,38,39,36,37,34,35,18,32,30,33,28,31,26,29,24,27,20,22,19,23,16,21,14,17,15,25,13],
[14,5,16,38,18,7,20,6,19,36,34,3,24,1,30,11,28,35,26,39,22,2,37,9,27,4,29,32,15,33,23,8,21,31,17,10,25,12],
[13,5,11,38,7,16,6,18,36,20,3,19,1,34,9,30,39,35,2,28,4,26,37,24,8,27,32,22,33,29,31,23,10,21,12,17,25,15],
[16,5,18,38,20,7,19,6,34,36,24,3,30,1,28,11,26,35,22,39,37,2,27,9,29,4,32,13,33,8,23,31,21,10,17,12,25,14],
[15,5,13,38,11,7,14,6,9,36,3,18,1,20,34,19,39,30,2,35,4,28,37,26,8,24,32,27,33,22,31,29,10,23,12,21,25,17],
[18,5,20,38,19,7,24,34,22,36,30,6,28,3,26,1,35,11,37,39,27,2,29,9,32,4,23,33,21,8,31,13,10,15,12,14,25,16],
[17,5,15,38,13,7,11,6,14,36,9,3,16,1,10,2,8,39,4,34,37,35,12,32,33,30,31,28,29,26,27,24,25,22,23,20,21,19],
[20,5,38,17,7,15,6,13,36,11,3,14,1,9,34,16,39,2,30,4,35,10,37,8,28,32,26,33,24,31,27,29,22,12,23,25,21,18],
[19,5,17,38,15,7,13,6,11,36,14,3,9,1,16,34,2,39,10,4,8,35,37,30,32,28,33,26,31,24,29,27,12,22,25,23,18,21],
[22,38,24,5,30,34,26,36,28,7,3,6,35,1,27,37,29,39,23,2,32,11,4,9,33,17,8,13,31,15,10,14,12,16,25,19,18,20],
[21,38,5,24,7,34,17,36,6,30,3,28,1,26,11,35,15,39,13,2,9,37,4,27,8,32,14,33,16,31,10,29,19,12,20,25,18,23],
[24,38,26,30,28,34,27,36,29,3,35,5,1,7,37,6,39,21,2,11,32,9,4,17,33,13,8,15,31,14,10,16,12,19,25,20,18,22],
[23,38,21,5,22,7,17,34,6,36,15,3,13,1,11,30,9,35,39,28,2,26,4,37,14,8,16,32,10,33,19,31,20,29,12,27,18,25],
[26,38,28,30,27,34,29,36,32,35,33,1,37,3,39,5,2,7,4,6,31,9,8,11,10,13,12,15,14,17,16,21,19,23,20,22,18,24],
[25,38,23,30,5,34,21,36,7,28,6,3,17,1,22,11,15,35,13,39,9,2,24,4,14,37,16,8,10,32,19,33,20,31,12,29,18,27],
[28,38,30,25,34,23,36,5,3,7,35,6,1,21,37,11,39,17,2,15,9,13,4,22,8,14,32,16,33,10,31,19,29,20,12,24,18,26],
[27,38,25,30,23,34,5,36,21,7,26,6,17,3,22,1,15,11,13,35,9,39,24,2,14,4,16,37,10,8,19,32,20,33,12,31,18,29],
[30,38,34,25,36,23,3,5,35,7,1,6,37,21,39,11,2,17,9,15,4,13,32,8,33,14,31,16,10,22,19,27,20,24,12,26,18,28],
[29,38,27,25,28,23,26,5,21,34,7,36,17,6,22,3,15,1,13,11,24,9,14,39,16,2,19,4,10,35,8,37,20,32,12,33,18,31],
[32,34,33,36,35,38,37,1,39,3,2,5,4,7,6,25,9,11,8,17,13,21,15,23,14,29,16,22,10,27,19,24,20,26,12,28,18,30],
[31,34,38,36,25,35,3,1,5,37,7,39,6,2,21,11,23,9,17,4,15,13,29,8,22,14,27,16,24,10,26,19,28,20,30,12,18,33],
[34,31,36,38,35,25,1,3,37,5,39,7,2,6,4,11,9,21,17,23,13,15,8,29,14,22,16,27,10,24,19,26,20,28,12,30,18,32],
[33,31,32,38,29,25,27,23,28,5,26,21,30,7,22,17,24,6,15,36,13,3,11,1,14,9,19,16,20,2,10,39,8,4,18,37,12,35],
[36,31,38,33,25,32,3,23,5,29,7,27,6,21,1,17,11,22,15,26,13,28,9,24,39,14,2,16,4,19,10,30,8,20,37,18,12,34],
[35,31,33,38,32,25,29,23,27,5,28,21,26,7,30,17,22,6,24,15,34,13,19,11,20,14,18,9,16,3,10,1,8,2,4,39,12,37],
[38,31,1,25,3,33,5,32,7,23,6,29,21,27,11,17,39,15,2,13,9,22,4,24,14,26,16,28,10,19,8,30,20,35,18,34,12,36],
[37,31,35,33,36,32,34,29,30,27,28,25,26,23,24,21,22,5,19,17,20,15,18,13,16,11,14,7,9,6,10,3,8,1,4,2,12,39],
[1,31,3,25,5,33,7,32,6,23,21,29,11,27,17,37,15,22,13,26,9,28,24,35,14,30,16,19,2,20,10,34,8,18,4,36,12,38],
],
[
[2,38,4,36,6,34,12,30,8,28,5,10,7,22,16,32,14,31,11,24,20,26,13,33,18,27,19,29,9,21,3,23,15,37,25,35,17,39],
[1,38,39,36,37,34,35,30,32,4,31,28,33,12,26,22,29,24,27,10,23,16,20,8,18,14,21,13,25,11,19,6,9,5,15,7,17,3],
[4,38,6,36,8,12,5,30,7,28,10,34,16,22,14,32,11,31,20,24,13,26,18,33,19,27,9,29,21,1,23,37,15,35,25,39,17,2],
[3,38,1,36,39,34,37,30,35,32,2,31,33,28,29,26,27,22,24,12,23,10,20,16,18,8,21,14,25,13,19,11,17,9,15,6,7,5],
[6,38,8,36,12,3,30,34,28,1,10,32,22,39,31,37,26,33,16,24,14,27,20,29,13,18,11,23,21,35,19,25,9,2,15,17,7,4],
[5,38,3,36,1,34,39,30,37,28,32,12,31,22,33,10,26,8,24,16,27,14,29,20,35,18,23,13,21,11,25,19,2,9,17,15,4,7],
[8,38,12,36,30,3,28,34,10,1,22,32,16,31,14,26,24,33,20,37,13,27,11,29,18,39,21,23,19,35,9,25,15,2,17,5,4,6],
[7,38,5,36,3,12,34,30,1,28,39,32,37,22,31,10,33,26,6,24,35,27,29,16,23,20,2,18,4,21,25,14,19,13,17,11,15,9],
[10,12,11,30,14,38,16,28,13,22,20,32,18,34,24,36,26,31,19,33,27,3,29,1,21,37,23,39,35,7,25,5,2,6,17,4,15,8],
[9,12,38,30,36,28,3,34,7,1,5,32,39,22,37,31,8,33,6,26,35,24,29,27,2,23,4,20,25,18,21,16,19,14,17,13,15,11],
[12,9,30,38,14,28,16,36,22,34,32,3,31,1,24,26,20,33,13,37,27,7,29,39,18,5,23,35,21,6,25,2,19,4,17,8,15,10],
[11,9,10,38,7,36,5,3,8,34,1,30,39,28,37,32,6,31,35,33,2,26,29,22,27,24,4,23,25,20,21,18,19,16,17,14,15,13],
[14,30,16,38,28,9,22,36,32,34,20,31,24,3,26,1,33,11,37,7,27,39,29,5,18,35,23,6,21,2,25,4,19,8,17,10,15,12],
[13,30,9,38,11,28,36,16,34,22,3,32,1,31,7,26,39,33,37,24,5,27,6,29,35,20,23,18,2,21,4,25,8,19,10,17,12,15],
[16,30,20,28,18,22,19,32,24,38,26,34,27,31,21,33,29,36,23,1,37,3,35,39,25,7,2,5,17,6,4,9,8,11,10,13,12,14],
[15,30,13,38,9,28,11,36,14,34,3,22,1,32,7,31,39,26,37,33,5,24,6,27,35,29,8,23,2,20,4,18,25,21,10,19,12,17],
[18,20,19,28,22,30,24,32,26,38,27,34,21,31,29,33,23,36,25,37,35,1,39,3,2,7,5,15,6,9,4,11,8,13,10,14,12,16],
[17,20,30,28,15,22,38,32,9,34,36,24,31,26,3,33,1,27,37,29,7,39,11,5,13,35,6,23,14,2,8,4,16,25,10,21,12,19],
[20,17,28,30,22,15,32,38,24,34,26,36,31,9,33,3,27,1,29,37,21,39,23,7,35,5,25,6,2,11,4,13,8,14,10,16,12,18],
[19,17,18,30,15,28,38,22,9,32,36,34,13,31,3,24,1,26,11,33,7,37,39,27,5,29,6,35,14,23,8,2,16,4,10,25,12,21],
[22,28,24,30,26,32,27,38,34,17,31,15,33,36,29,3,1,9,37,19,39,7,23,5,35,11,6,13,2,14,4,8,25,16,10,18,12,20],
[21,28,17,30,19,15,18,38,20,9,13,36,11,34,14,3,16,1,7,32,5,39,10,37,8,31,6,33,35,26,2,29,12,27,4,24,25,23],
[24,28,26,30,27,32,29,34,31,38,33,17,36,15,1,3,37,9,39,19,7,21,5,11,35,13,6,18,14,20,8,16,2,10,4,12,25,22],
[23,28,21,30,17,32,15,38,19,34,9,36,18,31,13,3,20,1,11,26,7,33,39,37,14,5,16,6,8,35,10,29,2,27,12,4,22,25],
[26,28,27,30,29,32,31,34,33,38,36,17,37,1,35,3,39,15,7,9,5,19,6,11,2,13,4,14,8,21,16,18,10,20,12,23,22,24],
[25,28,23,30,21,32,17,38,15,34,19,36,9,31,18,3,13,1,20,11,24,7,14,39,16,37,5,33,8,6,10,35,22,2,12,29,4,27],
[28,25,30,23,32,21,38,17,34,15,31,36,33,9,3,19,1,18,37,11,7,13,39,20,5,14,6,16,35,8,29,10,2,24,12,22,4,26],
[27,25,26,23,24,21,22,17,19,30,18,15,20,38,13,9,16,11,14,36,10,3,7,34,5,1,8,39,12,37,6,32,35,31,2,33,4,29],
[30,25,32,23,34,38,31,17,33,15,36,21,3,9,1,19,37,18,7,11,39,13,5,20,6,14,35,16,8,27,10,24,2,22,12,26,4,28],
[29,25,27,23,26,21,24,17,22,19,28,18,20,15,16,13,14,9,11,38,10,36,7,3,5,34,8,1,12,39,6,37,4,35,2,32,33,31],
[32,25,34,23,38,29,17,21,15,27,36,19,9,26,18,24,13,20,3,11,1,14,7,16,39,5,37,10,8,22,6,12,35,28,2,4,33,30],
[31,25,29,23,27,21,26,17,24,15,19,38,18,9,20,36,13,34,11,3,14,1,16,7,22,5,10,39,8,37,12,6,28,35,4,2,30,33],
[34,25,38,23,17,29,15,21,36,27,9,19,3,18,1,13,11,20,7,24,39,14,37,16,5,26,8,10,6,22,35,12,2,28,4,31,30,32],
[33,25,31,23,29,38,21,17,27,15,26,19,24,9,18,36,20,13,32,11,22,14,16,3,10,7,28,5,30,8,12,1,6,39,4,37,2,35],
[36,38,37,17,1,25,3,15,39,9,7,19,5,21,11,23,13,18,6,20,14,29,16,27,8,24,10,26,22,33,12,31,28,32,4,30,2,34],
[35,38,25,17,23,15,29,21,33,27,31,19,26,9,24,18,34,20,32,13,22,11,16,14,28,10,30,7,12,5,8,3,6,1,4,39,2,37],
[38,35,17,25,1,15,3,23,9,21,19,29,18,27,11,13,7,20,39,24,14,33,16,26,5,31,10,22,8,32,12,28,6,30,4,34,2,36],
[37,35,36,25,33,23,31,29,34,21,27,17,26,15,24,19,32,18,22,20,28,13,16,9,14,11,30,10,12,7,8,5,6,3,4,1,2,39],
[1,17,3,25,15,35,9,23,19,21,7,18,11,29,13,27,20,37,24,33,14,26,16,31,5,22,10,32,8,28,12,30,6,34,4,36,2,38],
],
]