[perfect_asc H=2][0.386601s] A=259 K=481 i=1.17229676e+08) 37 35 33 31 29 27 25 23 21 19 17 15 13 11 9 7 5 3 1 2 1 3 4 3 5 6 5 7 4 3 5 2 1 3 8 7 9 6 5 7 4 3 5 2 1 3 10 9 11 8 7 9 6 5 7 12 11 13 10 9 11 8 7 9 6 5 7 4 3 5 14 13 15 12 11 13 10 9 11 8 7 9 6 5 7 4 3 5 2 1 3 16 15 17 14 13 15 12 11 13 10 9 11 8 7 9 18 17 19 16 15 17 14 13 15 12 11 13 10 9 11 8 7 9 6 5 7 4 3 5 2 1 3 20 19 21 18 17 19 16 15 17 14 13 15 12 11 13 10 9 11 8 7 9 6 5 7 4 3 5 22 21 23 20 19 21 18 17 19 16 15 17 14 13 15 12 11 13 10 9 11 24 23 25 22 21 23 20 19 21 18 17 19 16 15 17 14 13 15 12 11 13 10 9 11 26 25 27 24 23 25 22 21 23 20 19 21 18 17 19 16 15 17 14 13 15 12 11 13 28 27 29 26 25 27 24 23 25 22 21 23 20 19 21 18 17 19 16 15 17 14 13 15 30 29 31 28 27 29 26 25 27 24 23 25 22 21 23 20 19 21 18 17 19 16 15 17 32 31 33 30 29 31 28 27 29 26 25 27 24 23 25 22 21 23 20 19 21 18 17 19 16 15 17 14 13 15 12 11 13 10 9 11 8 7 9 6 5 7 34 33 35 32 31 33 30 29 31 28 27 29 26 25 27 24 23 25 22 21 23 20 19 21 18 17 19 16 15 17 14 13 15 12 11 13 10 9 11 8 7 9 6 5 7 4 3 5 36 35 37 34 33 35 32 31 33 30 29 31 28 27 29 26 25 27 24 23 25 22 21 23 20 19 21 18 17 19 16 15 17 14 13 15 12 11 13 10 9 11 8 7 9 6 5 7 4 3 5 2 1 3 0 1 2 1 3 4 3 5 14 13 15 12 11 13 10 9 11 8 7 9 6 5 7 8 7 9 10 9 11 12 11 13 14 13 15 16 15 17 18 17 19 20 19 21 22 21 23 24 23 25 26 25 27 28 27 29 30 29 31 32 31 33 34 33 35 36 35 37 34 33 35 32 31 33 30 29 31 28 27 29 26 25 27 24 23 25 22 21 23 20 19 21 18 17 19 16 15 17 14 13 15 12 11 13 10 9 11 8 7 9 6 5 7 4 3 5 2 1 3 18 17 19 16 15 17 20 19 21 22 21 23 32 31 33 30 29 31 28 27 29 26 25 27 24 23 25 22 21 23 20 19 21 18 17 19 16 15 17 14 13 15 12 11 13 10 9 11 8 7 9 6 5 7 4 3 5 30 29 31 28 27 29 26 25 27 24 23 25 22 21 23 20 19 21 18 17 19 16 15 17 14 13 15 12 11 13 10 9 11 8 7 9 6 5 7 10 9 11 8 7 9 18 17 19 24 23 25 22 21 23 20 19 21 28 27 29 26 25 27 24 23 25 22 21 23 20 19 21 18 17 19 16 15 17 14 13 15 12 11 13 10 9 11 8 7 9 18 17 19 16 15 17 14 13 15 12 11 13 16 15 17 20 19 21 18 17 19 26 25 27 24 23 25 22 21 23 20 19 21 18 17 19 16 15 17 14 13 15 12 11 13 10 9 11 16 15 17 14 13 15
[perfect H=4][0.096311s] A=259 K=481 i=2.6588831e+07) 37 35 33 31 29 27 25 23 21 19 17 15 13 11 9 7 5 3 1 4 3 5 2 1 3 36 35 37 34 33 35 32 31 33 30 29 31 28 27 29 26 25 27 24 23 25 22 21 23 20 19 21 18 17 19 16 15 17 14 13 15 12 11 13 10 9 11 8 7 9 6 5 7 4 3 5 2 1 3 0 1 34 33 35 32 31 33 30 29 31 28 27 29 26 25 27 24 23 25 22 21 23 20 19 21 18 17 19 16 15 17 14 13 15 12 11 13 10 9 11 8 7 9 6 5 7 4 3 5 2 1 3 32 31 33 30 29 31 28 27 29 26 25 27 24 23 25 22 21 23 20 19 21 18 17 19 16 15 17 14 13 15 12 11 13 10 9 11 8 7 9 6 5 7 4 3 5 30 29 31 28 27 29 26 25 27 24 23 25 22 21 23 20 19 21 18 17 19 16 15 17 14 13 15 12 11 13 10 9 11 8 7 9 6 5 7 36 35 37 34 33 35 32 31 33 30 29 31 28 27 29 26 25 27 24 23 25 22 21 23 20 19 21 18 17 19 16 15 17 14 13 15 12 11 13 10 9 11 8 7 9 6 5 7 4 3 5 2 1 3 36 35 37 34 33 35 32 31 33 30 29 31 28 27 29 26 25 27 24 23 25 22 21 23 20 19 21 18 17 19 16 15 17 14 13 15 12 11 13 10 9 11 8 7 9 6 5 7 4 3 5 34 33 35 32 31 33 30 29 31 28 27 29 26 25 27 24 23 25 22 21 23 20 19 21 18 17 19 16 15 17 14 13 15 12 11 13 10 9 11 8 7 9 6 5 7 28 27 29 26 25 27 24 23 25 22 21 23 20 19 21 18 17 19 16 15 17 14 13 15 12 11 13 10 9 11 8 7 9 24 23 25 22 21 23 20 19 21 18 17 19 16 15 17 14 13 15 12 11 13 18 17 19 16 15 17 22 21 23 20 19 21 24 23 25 26 25 27 24 23 25 22 21 23 20 19 21 18 17 19 16 15 17 14 13 15 12 11 13 10 9 11 28 27 29 26 25 27 24 23 25 30 29 31 28 27 29 26 25 27 32 31 33 30 29 31 28 27 29 36 35 37 34 33 35 32 31 33 30 29 31 28 27 29 26 25 27 24 23 25 22 21 23 20 19 21 18 17 19 16 15 17 14 13 15 12 11 13 10 9 11 8 7 9 18 17 19 24 23 25 22 21 23 20 19 21 26 25 27 24 23 25 22 21 23 20 19 21 18 17 19 16 15 17 14 13 15 12 11 13 10 9 11 16 15 17 14 13 15 18 17 19 16 15 17 20 19 21 18 17 19 28 27 29 36 35 37 34 33 35 32 31 33 30 29 31 28 27 29 26 25 27 24 23 25 22 21 23 20 19 21 18 17 19 16 15 17 14 13 15 12 11 13 14 13 15 16 15 17 34 33 35 32 31 33 30 29 31 28 27 29 26 25 27 24 23 25 22 21 23 20 19 21 18 17 19 16 15 17 30 29 31 28 27 29 26 25 27 36 35 37 34 33 35 32 31 33 30 29 31 28 27 29 26 25 27 24 23 25 22 21 23 20 19 21 18 17 19 32 31 33 30 29 31 28 27 29 26 25 27 24 23 25 22 21 23 20 19 21 24 23 25 22 21 23 26 25 27 28 27 29
[perfect_asc H=4][0.056895s] A=259 K=481 i=1.7091401e+07) 37 35 33 31 29 27 25 23 21 19 17 15 13 11 9 7 5 3 1 4 3 5 2 1 3 6 5 7 4 3 5 2 1 3 6 5 7 4 3 5 8 7 9 10 9 11 8 7 9 6 5 7 12 11 13 10 9 11 8 7 9 6 5 7 4 3 5 14 13 15 12 11 13 10 9 11 8 7 9 6 5 7 4 3 5 2 1 3 16 15 17 14 13 15 12 11 13 10 9 11 8 7 9 6 5 7 4 3 5 2 1 3 18 17 19 16 15 17 14 13 15 12 11 13 10 9 11 8 7 9 6 5 7 4 3 5 20 19 21 18 17 19 16 15 17 14 13 15 12 11 13 10 9 11 8 7 9 6 5 7 22 21 23 20 19 21 18 17 19 16 15 17 14 13 15 12 11 13 10 9 11 24 23 25 22 21 23 20 19 21 18 17 19 16 15 17 14 13 15 12 11 13 10 9 11 8 7 9 26 25 27 24 23 25 22 21 23 20 19 21 18 17 19 16 15 17 14 13 15 12 11 13 28 27 29 26 25 27 24 23 25 22 21 23 20 19 21 18 17 19 16 15 17 14 13 15 30 29 31 28 27 29 26 25 27 24 23 25 22 21 23 20 19 21 18 17 19 16 15 17 14 13 15 12 11 13 10 9 11 8 7 9 32 31 33 30 29 31 28 27 29 26 25 27 24 23 25 22 21 23 20 19 21 18 17 19 16 15 17 34 33 35 32 31 33 30 29 31 28 27 29 26 25 27 24 23 25 22 21 23 20 19 21 18 17 19 16 15 17 14 13 15 12 11 13 10 9 11 36 35 37 34 33 35 32 31 33 30 29 31 28 27 29 26 25 27 24 23 25 22 21 23 20 19 21 18 17 19 16 15 17 14 13 15 12 11 13 10 9 11 8 7 9 6 5 7 4 3 5 2 1 3 0 1 8 7 9 6 5 7 4 3 5 2 1 3 4 3 5 6 5 7 8 7 9 10 9 11 12 11 13 14 13 15 16 15 17 18 17 19 20 19 21 22 21 23 24 23 25 26 25 27 28 27 29 30 29 31 32 31 33 34 33 35 36 35 37 34 33 35 32 31 33 30 29 31 28 27 29 26 25 27 24 23 25 22 21 23 20 19 21 18 17 19 16 15 17 14 13 15 12 11 13 10 9 11 8 7 9 6 5 7 4 3 5 2 1 3 12 11 13 10 9 11 8 7 9 6 5 7 4 3 5 32 31 33 30 29 31 28 27 29 26 25 27 24 23 25 22 21 23 20 19 21 18 17 19 16 15 17 14 13 15 12 11 13 10 9 11 8 7 9 6 5 7 4 3 5 20 19 21 18 17 19 16 15 17 22 21 23 24 23 25 22 21 23 20 19 21 18 17 19 30 29 31 28 27 29 26 25 27 24 23 25 22 21 23 20 19 21 18 17 19 16 15 17 14 13 15 12 11 13 10 9 11 8 7 9 6 5 7 10 9 11 8 7 9 16 15 17 14 13 15 12 11 13 18 17 19 28 27 29 26 25 27 24 23 25 22 21 23 20 19 21 18 17 19 16 15 17 14 13 15 12 11 13 10 9 11 8 7 9 26 25 27 24 23 25 22 21 23 20 19 21 18 17 19 16 15 17 14 13 15 12 11 13 10 9 11 20 19 21 18 17 19 16 15 17 14 13 15
[perfect_asc H=6][0.092207s] A=259 K=481 i=2.4801567e+07) 37 35 33 31 29 27 25 23 21 19 17 15 13 11 9 7 5 3 1 6 5 7 4 3 5 2 1 3 4 3 5 6 5 7 8 7 9 6 5 7 4 3 5 2 1 3 10 9 11 8 7 9 12 11 13 10 9 11 8 7 9 6 5 7 4 3 5 6 5 7 8 7 9 14 13 15 12 11 13 10 9 11 16 15 17 14 13 15 12 11 13 10 9 11 8 7 9 6 5 7 4 3 5 2 1 3 18 17 19 16 15 17 14 13 15 12 11 13 10 9 11 8 7 9 6 5 7 4 3 5 2 1 3 20 19 21 18 17 19 16 15 17 14 13 15 12 11 13 10 9 11 8 7 9 22 21 23 20 19 21 18 17 19 16 15 17 14 13 15 12 11 13 10 9 11 8 7 9 6 5 7 4 3 5 24 23 25 22 21 23 20 19 21 18 17 19 16 15 17 14 13 15 12 11 13 10 9 11 26 25 27 24 23 25 22 21 23 20 19 21 18 17 19 16 15 17 14 13 15 12 11 13 28 27 29 26 25 27 24 23 25 22 21 23 20 19 21 18 17 19 16 15 17 14 13 15 30 29 31 28 27 29 26 25 27 24 23 25 22 21 23 20 19 21 18 17 19 16 15 17 32 31 33 30 29 31 28 27 29 26 25 27 24 23 25 22 21 23 20 19 21 18 17 19 16 15 17 14 13 15 12 11 13 10 9 11 8 7 9 6 5 7 34 33 35 32 31 33 30 29 31 28 27 29 26 25 27 24 23 25 22 21 23 20 19 21 18 17 19 16 15 17 14 13 15 12 11 13 10 9 11 8 7 9 6 5 7 4 3 5 36 35 37 34 33 35 32 31 33 30 29 31 28 27 29 26 25 27 24 23 25 22 21 23 20 19 21 18 17 19 16 15 17 14 13 15 12 11 13 10 9 11 8 7 9 6 5 7 4 3 5 2 1 3 0 1 2 1 3 4 3 5 14 13 15 12 11 13 10 9 11 8 7 9 6 5 7 8 7 9 10 9 11 12 11 13 14 13 15 16 15 17 18 17 19 20 19 21 22 21 23 24 23 25 26 25 27 28 27 29 30 29 31 32 31 33 34 33 35 36 35 37 34 33 35 32 31 33 30 29 31 28 27 29 26 25 27 24 23 25 22 21 23 20 19 21 18 17 19 16 15 17 14 13 15 12 11 13 10 9 11 8 7 9 6 5 7 4 3 5 2 1 3 18 17 19 22 21 23 20 19 21 32 31 33 30 29 31 28 27 29 26 25 27 24 23 25 22 21 23 20 19 21 18 17 19 16 15 17 14 13 15 12 11 13 10 9 11 8 7 9 6 5 7 4 3 5 18 17 19 16 15 17 14 13 15 24 23 25 22 21 23 20 19 21 18 17 19 16 15 17 30 29 31 28 27 29 26 25 27 24 23 25 22 21 23 20 19 21 18 17 19 16 15 17 14 13 15 12 11 13 10 9 11 8 7 9 6 5 7 10 9 11 8 7 9 28 27 29 26 25 27 24 23 25 22 21 23 20 19 21 18 17 19 16 15 17 14 13 15 12 11 13 10 9 11 8 7 9 14 13 15 12 11 13 26 25 27 24 23 25 22 21 23 20 19 21 18 17 19 16 15 17 14 13 15 12 11 13 10 9 11 20 19 21 18 17 19 16 15 17
[perfect H=8][0.029392s] A=259 K=481 i=8.307294e+06) 37 35 33 31 29 27 25 23 21 19 17 15 13 11 9 7 5 3 1 8 7 9 6 5 7 4 3 5 2 1 3 36 35 37 34 33 35 32 31 33 30 29 31 28 27 29 26 25 27 24 23 25 22 21 23 20 19 21 18 17 19 16 15 17 14 13 15 12 11 13 10 9 11 8 7 9 6 5 7 4 3 5 2 1 3 0 1 34 33 35 32 31 33 30 29 31 28 27 29 26 25 27 24 23 25 22 21 23 20 19 21 18 17 19 16 15 17 14 13 15 12 11 13 10 9 11 8 7 9 6 5 7 4 3 5 2 1 3 32 31 33 30 29 31 28 27 29 26 25 27 24 23 25 22 21 23 20 19 21 18 17 19 16 15 17 14 13 15 12 11 13 10 9 11 8 7 9 6 5 7 4 3 5 36 35 37 34 33 35 32 31 33 30 29 31 28 27 29 26 25 27 24 23 25 22 21 23 20 19 21 18 17 19 16 15 17 14 13 15 12 11 13 10 9 11 8 7 9 6 5 7 4 3 5 2 1 3 30 29 31 28 27 29 26 25 27 24 23 25 22 21 23 20 19 21 18 17 19 16 15 17 14 13 15 12 11 13 10 9 11 8 7 9 6 5 7 36 35 37 34 33 35 32 31 33 30 29 31 28 27 29 26 25 27 24 23 25 22 21 23 20 19 21 18 17 19 16 15 17 14 13 15 12 11 13 10 9 11 8 7 9 6 5 7 4 3 5 28 27 29 26 25 27 24 23 25 22 21 23 20 19 21 18 17 19 16 15 17 14 13 15 12 11 13 10 9 11 8 7 9 26 25 27 24 23 25 22 21 23 20 19 21 18 17 19 16 15 17 14 13 15 12 11 13 10 9 11 24 23 25 22 21 23 20 19 21 18 17 19 16 15 17 14 13 15 12 11 13 22 21 23 20 19 21 18 17 19 16 15 17 14 13 15 26 25 27 24 23 25 26 25 27 28 27 29 32 31 33 30 29 31 34 33 35 32 31 33 30 29 31 28 27 29 26 25 27 24 23 25 22 21 23 20 19 21 18 17 19 16 15 17 14 13 15 12 11 13 10 9 11 8 7 9 6 5 7 26 25 27 28 27 29 30 29 31 36 35 37 34 33 35 32 31 33 30 29 31 28 27 29 26 25 27 24 23 25 22 21 23 20 19 21 18 17 19 16 15 17 14 13 15 12 11 13 10 9 11 8 7 9 26 25 27 24 23 25 22 21 23 20 19 21 18 17 19 16 15 17 14 13 15 12 11 13 10 9 11 36 35 37 34 33 35 32 31 33 30 29 31 28 27 29 26 25 27 24 23 25 22 21 23 20 19 21 18 17 19 16 15 17 14 13 15 12 11 13 18 17 19 20 19 21 28 27 29 26 25 27 24 23 25 22 21 23 30 29 31 32 31 33 30 29 31 28 27 29 26 25 27 24 23 25 34 33 35 32 31 33 30 29 31 28 27 29 26 25 27 24 23 25 22 21 23 20 19 21 18 17 19 16 15 17 14 13 15 18 17 19 16 15 17 20 19 21 18 17 19 16 15 17 22 21 23 20 19 21 18 17 19 24 23 25 22 21 23 36 35 37 34 33 35 32 31 33 30 29 31 28 27 29 26 25 27 24 23 25 22 21 23 20 19 21 28 27 29 26 25 27 24 23 25
[perfect_asc H=8][0.279779s] A=259 K=481 i=8.4595115e+07) 37 35 33 31 29 27 25 23 21 19 17 15 13 11 9 7 5 3 1 8 7 9 6 5 7 4 3 5 2 1 3 4 3 5 6 5 7 8 7 9 10 9 11 8 7 9 6 5 7 4 3 5 2 1 3 4 3 5 12 11 13 10 9 11 8 7 9 6 5 7 10 9 11 8 7 9 14 13 15 12 11 13 10 9 11 16 15 17 14 13 15 12 11 13 18 17 19 16 15 17 14 13 15 12 11 13 10 9 11 8 7 9 6 5 7 4 3 5 8 7 9 6 5 7 10 9 11 8 7 9 20 19 21 18 17 19 16 15 17 14 13 15 12 11 13 22 21 23 20 19 21 18 17 19 16 15 17 14 13 15 12 11 13 10 9 11 24 23 25 22 21 23 20 19 21 18 17 19 16 15 17 14 13 15 12 11 13 10 9 11 8 7 9 6 5 7 4 3 5 2 1 3 6 5 7 26 25 27 24 23 25 22 21 23 20 19 21 18 17 19 16 15 17 14 13 15 12 11 13 28 27 29 26 25 27 24 23 25 22 21 23 20 19 21 18 17 19 16 15 17 14 13 15 30 29 31 28 27 29 26 25 27 24 23 25 22 21 23 20 19 21 18 17 19 16 15 17 14 13 15 12 11 13 10 9 11 8 7 9 32 31 33 30 29 31 28 27 29 26 25 27 24 23 25 22 21 23 20 19 21 18 17 19 16 15 17 34 33 35 32 31 33 30 29 31 28 27 29 26 25 27 24 23 25 22 21 23 20 19 21 18 17 19 36 35 37 34 33 35 32 31 33 30 29 31 28 27 29 26 25 27 24 23 25 22 21 23 20 19 21 18 17 19 16 15 17 14 13 15 12 11 13 10 9 11 8 7 9 6 5 7 4 3 5 2 1 3 0 1 14 13 15 12 11 13 10 9 11 16 15 17 14 13 15 12 11 13 10 9 11 8 7 9 6 5 7 4 3 5 2 1 3 8 7 9 6 5 7 4 3 5 6 5 7 8 7 9 10 9 11 12 11 13 10 9 11 8 7 9 14 13 15 16 15 17 18 17 19 20 19 21 18 17 19 16 15 17 22 21 23 24 23 25 26 25 27 28 27 29 30 29 31 32 31 33 34 33 35 36 35 37 34 33 35 32 31 33 30 29 31 28 27 29 26 25 27 24 23 25 22 21 23 20 19 21 18 17 19 16 15 17 14 13 15 12 11 13 10 9 11 8 7 9 6 5 7 4 3 5 2 1 3 32 31 33 30 29 31 28 27 29 26 25 27 24 23 25 22 21 23 20 19 21 18 17 19 16 15 17 14 13 15 12 11 13 10 9 11 8 7 9 6 5 7 4 3 5 24 23 25 22 21 23 20 19 21 30 29 31 28 27 29 26 25 27 24 23 25 22 21 23 20 19 21 18 17 19 16 15 17 14 13 15 12 11 13 10 9 11 8 7 9 6 5 7 18 17 19 16 15 17 14 13 15 12 11 13 20 19 21 18 17 19 22 21 23 20 19 21 26 25 27 24 23 25 22 21 23 20 19 21 18 17 19 16 15 17 14 13 15 18 17 19 16 15 17 28 27 29 26 25 27 24 23 25 22 21 23 20 19 21 18 17 19 16 15 17 14 13 15 12 11 13 10 9 11 8 7 9 12 11 13 10 9 11 14 13 15 16 15 17
[perfect H=10][0.130868s] A=259 K=481 i=3.366422e+07) 37 35 33 31 29 27 25 23 21 19 17 15 13 11 9 7 5 3 1 10 9 11 8 7 9 6 5 7 4 3 5 2 1 3 36 35 37 34 33 35 32 31 33 30 29 31 28 27 29 26 25 27 24 23 25 22 21 23 20 19 21 18 17 19 16 15 17 14 13 15 12 11 13 10 9 11 8 7 9 6 5 7 4 3 5 2 1 3 0 1 34 33 35 32 31 33 30 29 31 28 27 29 26 25 27 24 23 25 22 21 23 20 19 21 18 17 19 16 15 17 14 13 15 12 11 13 10 9 11 8 7 9 6 5 7 4 3 5 2 1 3 32 31 33 30 29 31 28 27 29 26 25 27 24 23 25 22 21 23 20 19 21 18 17 19 16 15 17 14 13 15 12 11 13 10 9 11 8 7 9 6 5 7 4 3 5 36 35 37 34 33 35 32 31 33 30 29 31 28 27 29 26 25 27 24 23 25 22 21 23 20 19 21 18 17 19 16 15 17 14 13 15 12 11 13 10 9 11 8 7 9 6 5 7 4 3 5 2 1 3 30 29 31 28 27 29 26 25 27 24 23 25 22 21 23 20 19 21 18 17 19 16 15 17 14 13 15 12 11 13 10 9 11 8 7 9 6 5 7 36 35 37 34 33 35 32 31 33 30 29 31 28 27 29 26 25 27 24 23 25 22 21 23 20 19 21 18 17 19 16 15 17 14 13 15 12 11 13 10 9 11 8 7 9 6 5 7 4 3 5 28 27 29 26 25 27 24 23 25 22 21 23 20 19 21 18 17 19 16 15 17 14 13 15 12 11 13 10 9 11 8 7 9 26 25 27 24 23 25 22 21 23 20 19 21 18 17 19 16 15 17 14 13 15 12 11 13 10 9 11 24 23 25 22 21 23 20 19 21 18 17 19 16 15 17 14 13 15 12 11 13 22 21 23 20 19 21 18 17 19 16 15 17 28 27 29 26 25 27 24 23 25 26 25 27 28 27 29 32 31 33 30 29 31 28 27 29 26 25 27 24 23 25 22 21 23 20 19 21 18 17 19 34 33 35 32 31 33 30 29 31 28 27 29 26 25 27 24 23 25 22 21 23 20 19 21 18 17 19 16 15 17 14 13 15 12 11 13 10 9 11 8 7 9 6 5 7 16 15 17 14 13 15 36 35 37 34 33 35 32 31 33 30 29 31 28 27 29 26 25 27 24 23 25 22 21 23 20 19 21 18 17 19 16 15 17 14 13 15 12 11 13 10 9 11 8 7 9 12 11 13 10 9 11 14 13 15 20 19 21 18 17 19 16 15 17 18 17 19 30 29 31 28 27 29 26 25 27 24 23 25 22 21 23 20 19 21 36 35 37 34 33 35 32 31 33 30 29 31 28 27 29 26 25 27 24 23 25 22 21 23 20 19 21 18 17 19 16 15 17 14 13 15 12 11 13 34 33 35 32 31 33 30 29 31 28 27 29 26 25 27 24 23 25 22 21 23 20 19 21 18 17 19 16 15 17 14 13 15 18 17 19 16 15 17 20 19 21 32 31 33 30 29 31 28 27 29 26 25 27 24 23 25 22 21 23 20 19 21 18 17 19 34 33 35 36 35 37 34 33 35 32 31 33 30 29 31 28 27 29 26 25 27 24 23 25 22 21 23 20 19 21 22 21 23 26 25 27 24 23 25
[perfect_asc H=10][0.145527s] A=259 K=481 i=3.8769521e+07) 37 35 33 31 29 27 25 23 21 19 17 15 13 11 9 7 5 3 1 10 9 11 8 7 9 6 5 7 4 3 5 2 1 3 4 3 5 6 5 7 8 7 9 6 5 7 4 3 5 10 9 11 8 7 9 12 11 13 10 9 11 8 7 9 6 5 7 4 3 5 2 1 3 14 13 15 12 11 13 10 9 11 8 7 9 6 5 7 4 3 5 6 5 7 16 15 17 14 13 15 12 11 13 10 9 11 8 7 9 10 9 11 12 11 13 18 17 19 16 15 17 14 13 15 20 19 21 18 17 19 16 15 17 14 13 15 12 11 13 10 9 11 8 7 9 6 5 7 22 21 23 20 19 21 18 17 19 16 15 17 14 13 15 12 11 13 10 9 11 24 23 25 22 21 23 20 19 21 18 17 19 16 15 17 14 13 15 12 11 13 10 9 11 8 7 9 6 5 7 4 3 5 2 1 3 26 25 27 24 23 25 22 21 23 20 19 21 18 17 19 16 15 17 14 13 15 12 11 13 28 27 29 26 25 27 24 23 25 22 21 23 20 19 21 18 17 19 16 15 17 14 13 15 12 11 13 10 9 11 30 29 31 28 27 29 26 25 27 24 23 25 22 21 23 20 19 21 18 17 19 16 15 17 32 31 33 30 29 31 28 27 29 26 25 27 24 23 25 22 21 23 20 19 21 18 17 19 34 33 35 32 31 33 30 29 31 28 27 29 26 25 27 24 23 25 22 21 23 20 19 21 36 35 37 34 33 35 32 31 33 30 29 31 28 27 29 26 25 27 24 23 25 22 21 23 20 19 21 18 17 19 16 15 17 14 13 15 12 11 13 10 9 11 8 7 9 6 5 7 4 3 5 2 1 3 0 1 16 15 17 14 13 15 18 17 19 16 15 17 14 13 15 12 11 13 10 9 11 8 7 9 6 5 7 4 3 5 2 1 3 12 11 13 10 9 11 8 7 9 6 5 7 4 3 5 14 13 15 12 11 13 10 9 11 8 7 9 6 5 7 8 7 9 10 9 11 12 11 13 14 13 15 16 15 17 18 17 19 20 19 21 22 21 23 20 19 21 18 17 19 16 15 17 24 23 25 26 25 27 28 27 29 30 29 31 32 31 33 34 33 35 36 35 37 34 33 35 32 31 33 30 29 31 28 27 29 26 25 27 24 23 25 22 21 23 20 19 21 18 17 19 16 15 17 14 13 15 12 11 13 10 9 11 8 7 9 6 5 7 4 3 5 2 1 3 32 31 33 30 29 31 28 27 29 26 25 27 24 23 25 22 21 23 20 19 21 18 17 19 16 15 17 14 13 15 12 11 13 10 9 11 8 7 9 6 5 7 4 3 5 24 23 25 22 21 23 20 19 21 18 17 19 16 15 17 14 13 15 30 29 31 28 27 29 26 25 27 24 23 25 22 21 23 20 19 21 18 17 19 16 15 17 14 13 15 12 11 13 10 9 11 8 7 9 6 5 7 22 21 23 20 19 21 18 17 19 28 27 29 26 25 27 24 23 25 22 21 23 20 19 21 18 17 19 16 15 17 14 13 15 12 11 13 10 9 11 8 7 9 12 11 13 16 15 17 14 13 15 26 25 27 24 23 25 22 21 23 20 19 21 18 17 19 16 15 17 14 13 15 12 11 13 10 9 11 18 17 19 20 19 21
[perfect H=12][0.099695s] A=259 K=481 i=1.9584615e+07) 37 35 33 31 29 27 25 23 21 19 17 15 13 11 9 7 5 3 1 12 11 13 10 9 11 8 7 9 6 5 7 4 3 5 2 1 3 36 35 37 34 33 35 32 31 33 30 29 31 28 27 29 26 25 27 24 23 25 22 21 23 20 19 21 18 17 19 16 15 17 14 13 15 12 11 13 10 9 11 8 7 9 6 5 7 4 3 5 2 1 3 0 1 34 33 35 32 31 33 30 29 31 28 27 29 26 25 27 24 23 25 22 21 23 20 19 21 18 17 19 16 15 17 14 13 15 12 11 13 10 9 11 8 7 9 6 5 7 4 3 5 2 1 3 32 31 33 30 29 31 28 27 29 26 25 27 24 23 25 22 21 23 20 19 21 18 17 19 16 15 17 14 13 15 12 11 13 10 9 11 8 7 9 6 5 7 4 3 5 36 35 37 34 33 35 32 31 33 30 29 31 28 27 29 26 25 27 24 23 25 22 21 23 20 19 21 18 17 19 16 15 17 14 13 15 12 11 13 10 9 11 8 7 9 6 5 7 4 3 5 2 1 3 30 29 31 28 27 29 26 25 27 24 23 25 22 21 23 20 19 21 18 17 19 16 15 17 14 13 15 12 11 13 10 9 11 8 7 9 6 5 7 36 35 37 34 33 35 32 31 33 30 29 31 28 27 29 26 25 27 24 23 25 22 21 23 20 19 21 18 17 19 16 15 17 14 13 15 12 11 13 10 9 11 8 7 9 6 5 7 4 3 5 28 27 29 26 25 27 24 23 25 22 21 23 20 19 21 18 17 19 16 15 17 14 13 15 12 11 13 10 9 11 8 7 9 26 25 27 24 23 25 22 21 23 20 19 21 18 17 19 16 15 17 14 13 15 12 11 13 10 9 11 24 23 25 22 21 23 20 19 21 18 17 19 16 15 17 14 13 15 12 11 13 22 21 23 20 19 21 18 17 19 16 15 17 14 13 15 28 27 29 26 25 27 24 23 25 26 25 27 28 27 29 34 33 35 32 31 33 30 29 31 28 27 29 26 25 27 24 23 25 22 21 23 20 19 21 18 17 19 16 15 17 14 13 15 12 11 13 10 9 11 8 7 9 6 5 7 26 25 27 32 31 33 30 29 31 28 27 29 36 35 37 34 33 35 32 31 33 30 29 31 28 27 29 26 25 27 24 23 25 22 21 23 20 19 21 18 17 19 16 15 17 14 13 15 12 11 13 10 9 11 8 7 9 26 25 27 24 23 25 22 21 23 20 19 21 18 17 19 16 15 17 14 13 15 12 11 13 10 9 11 36 35 37 34 33 35 32 31 33 30 29 31 28 27 29 26 25 27 24 23 25 22 21 23 20 19 21 18 17 19 16 15 17 14 13 15 12 11 13 18 17 19 20 19 21 30 29 31 28 27 29 26 25 27 24 23 25 22 21 23 34 33 35 32 31 33 30 29 31 28 27 29 26 25 27 24 23 25 22 21 23 20 19 21 18 17 19 16 15 17 14 13 15 18 17 19 16 15 17 20 19 21 18 17 19 16 15 17 22 21 23 24 23 25 32 31 33 30 29 31 28 27 29 26 25 27 34 33 35 36 35 37 34 33 35 32 31 33 30 29 31 28 27 29 26 25 27 24 23 25 22 21 23 20 19 21 18 17 19 24 23 25 22 21 23 20 19 21
[perfect H=14][0.089192s] A=259 K=481 i=1.9935394e+07) 37 35 33 31 29 27 25 23 21 19 17 15 13 11 9 7 5 3 1 14 13 15 12 11 13 10 9 11 8 7 9 6 5 7 4 3 5 2 1 3 36 35 37 34 33 35 32 31 33 30 29 31 28 27 29 26 25 27 24 23 25 22 21 23 20 19 21 18 17 19 16 15 17 14 13 15 12 11 13 10 9 11 8 7 9 6 5 7 4 3 5 2 1 3 0 1 34 33 35 32 31 33 30 29 31 28 27 29 26 25 27 24 23 25 22 21 23 20 19 21 18 17 19 16 15 17 14 13 15 12 11 13 10 9 11 8 7 9 6 5 7 4 3 5 2 1 3 32 31 33 30 29 31 28 27 29 26 25 27 24 23 25 22 21 23 20 19 21 18 17 19 16 15 17 14 13 15 12 11 13 10 9 11 8 7 9 6 5 7 4 3 5 36 35 37 34 33 35 32 31 33 30 29 31 28 27 29 26 25 27 24 23 25 22 21 23 20 19 21 18 17 19 16 15 17 14 13 15 12 11 13 10 9 11 8 7 9 6 5 7 4 3 5 2 1 3 30 29 31 28 27 29 26 25 27 24 23 25 22 21 23 20 19 21 18 17 19 16 15 17 14 13 15 12 11 13 10 9 11 8 7 9 6 5 7 36 35 37 34 33 35 32 31 33 30 29 31 28 27 29 26 25 27 24 23 25 22 21 23 20 19 21 18 17 19 16 15 17 14 13 15 12 11 13 10 9 11 8 7 9 6 5 7 4 3 5 28 27 29 26 25 27 24 23 25 22 21 23 20 19 21 18 17 19 16 15 17 14 13 15 12 11 13 10 9 11 8 7 9 26 25 27 24 23 25 22 21 23 20 19 21 18 17 19 16 15 17 14 13 15 12 11 13 10 9 11 24 23 25 22 21 23 20 19 21 18 17 19 16 15 17 14 13 15 12 11 13 22 21 23 20 19 21 18 17 19 16 15 17 14 13 15 20 19 21 18 17 19 16 15 17 24 23 25 22 21 23 26 25 27 24 23 25 28 27 29 26 25 27 30 29 31 28 27 29 26 25 27 24 23 25 22 21 23 32 31 33 30 29 31 28 27 29 26 25 27 24 23 25 22 21 23 20 19 21 18 17 19 34 33 35 32 31 33 30 29 31 28 27 29 26 25 27 24 23 25 22 21 23 20 19 21 18 17 19 16 15 17 14 13 15 12 11 13 10 9 11 8 7 9 6 5 7 36 35 37 34 33 35 32 31 33 30 29 31 28 27 29 26 25 27 24 23 25 22 21 23 20 19 21 18 17 19 16 15 17 14 13 15 12 11 13 10 9 11 8 7 9 16 15 17 14 13 15 12 11 13 10 9 11 18 17 19 20 19 21 32 31 33 30 29 31 28 27 29 26 25 27 24 23 25 36 35 37 34 33 35 32 31 33 30 29 31 28 27 29 26 25 27 24 23 25 22 21 23 20 19 21 18 17 19 16 15 17 14 13 15 12 11 13 30 29 31 28 27 29 34 33 35 32 31 33 30 29 31 28 27 29 26 25 27 24 23 25 22 21 23 20 19 21 18 17 19 16 15 17 14 13 15 18 17 19 16 15 17 20 19 21 22 21 23 20 19 21 18 17 19 24 23 25 22 21 23 26 25 27 24 23 25 22 21 23 20 19 21 28 27 29 26 25 27
[perfect_asc H=14][7.348207s] A=259 K=481 i=2.06765949e+09) 37 35 33 31 29 27 25 23 21 19 17 15 13 11 9 7 5 3 1 14 13 15 12 11 13 10 9 11 8 7 9 6 5 7 4 3 5 2 1 3 4 3 5 6 5 7 8 7 9 6 5 7 4 3 5 10 9 11 8 7 9 12 11 13 10 9 11 8 7 9 6 5 7 4 3 5 14 13 15 12 11 13 10 9 11 8 7 9 6 5 7 16 15 17 14 13 15 12 11 13 10 9 11 18 17 19 16 15 17 14 13 15 12 11 13 10 9 11 8 7 9 6 5 7 4 3 5 2 1 3 20 19 21 18 17 19 16 15 17 14 13 15 12 11 13 10 9 11 8 7 9 6 5 7 4 3 5 22 21 23 20 19 21 18 17 19 16 15 17 14 13 15 12 11 13 24 23 25 22 21 23 20 19 21 18 17 19 16 15 17 14 13 15 12 11 13 26 25 27 24 23 25 22 21 23 20 19 21 18 17 19 16 15 17 14 13 15 28 27 29 26 25 27 24 23 25 22 21 23 20 19 21 18 17 19 16 15 17 14 13 15 30 29 31 28 27 29 26 25 27 24 23 25 22 21 23 20 19 21 18 17 19 16 15 17 32 31 33 30 29 31 28 27 29 26 25 27 24 23 25 22 21 23 20 19 21 18 17 19 16 15 17 14 13 15 12 11 13 10 9 11 8 7 9 6 5 7 8 7 9 12 11 13 10 9 11 14 13 15 12 11 13 10 9 11 8 7 9 34 33 35 32 31 33 30 29 31 28 27 29 26 25 27 24 23 25 22 21 23 20 19 21 18 17 19 16 15 17 14 13 15 12 11 13 10 9 11 8 7 9 6 5 7 4 3 5 36 35 37 34 33 35 32 31 33 30 29 31 28 27 29 26 25 27 24 23 25 22 21 23 20 19 21 18 17 19 16 15 17 14 13 15 12 11 13 10 9 11 8 7 9 6 5 7 4 3 5 2 1 3 0 1 2 1 3 4 3 5 6 5 7 8 7 9 10 9 11 12 11 13 14 13 15 16 15 17 18 17 19 20 19 21 18 17 19 22 21 23 20 19 21 24 23 25 22 21 23 26 25 27 24 23 25 28 27 29 26 25 27 30 29 31 28 27 29 32 31 33 30 29 31 34 33 35 32 31 33 36 35 37 34 33 35 32 31 33 30 29 31 28 27 29 26 25 27 24 23 25 22 21 23 20 19 21 18 17 19 16 15 17 14 13 15 12 11 13 10 9 11 8 7 9 6 5 7 4 3 5 2 1 3 18 17 19 16 15 17 22 21 23 20 19 21 30 29 31 28 27 29 26 25 27 24 23 25 22 21 23 20 19 21 18 17 19 16 15 17 14 13 15 12 11 13 10 9 11 8 7 9 6 5 7 4 3 5 26 25 27 24 23 25 28 27 29 26 25 27 24 23 25 22 21 23 20 19 21 18 17 19 16 15 17 14 13 15 12 11 13 10 9 11 8 7 9 6 5 7 22 21 23 20 19 21 18 17 19 16 15 17 14 13 15 12 11 13 10 9 11 8 7 9 12 11 13 10 9 11 18 17 19 16 15 17 14 13 15 12 11 13 20 19 21 18 17 19 16 15 17 14 13 15 24 23 25 22 21 23 20 19 21 18 17 19 16 15 17 14 13 15 12 11 13 10 9 11 22 21 23 20 19 21
[perfect H=16][0.443707s] A=259 K=481 i=1.14054655e+08) 37 35 33 31 29 27 25 23 21 19 17 15 13 11 9 7 5 3 1 16 15 17 14 13 15 12 11 13 10 9 11 8 7 9 6 5 7 4 3 5 2 1 3 36 35 37 34 33 35 32 31 33 30 29 31 28 27 29 26 25 27 24 23 25 22 21 23 20 19 21 18 17 19 16 15 17 14 13 15 12 11 13 10 9 11 8 7 9 6 5 7 4 3 5 2 1 3 0 1 34 33 35 32 31 33 30 29 31 28 27 29 26 25 27 24 23 25 22 21 23 20 19 21 18 17 19 16 15 17 14 13 15 12 11 13 10 9 11 8 7 9 6 5 7 4 3 5 2 1 3 32 31 33 30 29 31 28 27 29 26 25 27 24 23 25 22 21 23 20 19 21 18 17 19 16 15 17 14 13 15 12 11 13 10 9 11 8 7 9 6 5 7 4 3 5 36 35 37 34 33 35 32 31 33 30 29 31 28 27 29 26 25 27 24 23 25 22 21 23 20 19 21 18 17 19 16 15 17 14 13 15 12 11 13 10 9 11 8 7 9 6 5 7 4 3 5 2 1 3 30 29 31 28 27 29 26 25 27 24 23 25 22 21 23 20 19 21 18 17 19 16 15 17 14 13 15 12 11 13 10 9 11 8 7 9 6 5 7 36 35 37 34 33 35 32 31 33 30 29 31 28 27 29 26 25 27 24 23 25 22 21 23 20 19 21 18 17 19 16 15 17 14 13 15 12 11 13 10 9 11 8 7 9 6 5 7 4 3 5 28 27 29 26 25 27 24 23 25 22 21 23 20 19 21 18 17 19 16 15 17 14 13 15 12 11 13 10 9 11 8 7 9 26 25 27 24 23 25 22 21 23 20 19 21 18 17 19 16 15 17 14 13 15 12 11 13 10 9 11 22 21 23 20 19 21 18 17 19 16 15 17 24 23 25 22 21 23 20 19 21 18 17 19 28 27 29 26 25 27 24 23 25 28 27 29 26 25 27 34 33 35 32 31 33 30 29 31 28 27 29 26 25 27 24 23 25 22 21 23 20 19 21 18 17 19 16 15 17 14 13 15 12 11 13 10 9 11 8 7 9 6 5 7 16 15 17 14 13 15 12 11 13 36 35 37 34 33 35 32 31 33 30 29 31 28 27 29 26 25 27 24 23 25 22 21 23 20 19 21 18 17 19 16 15 17 14 13 15 12 11 13 10 9 11 8 7 9 20 19 21 18 17 19 32 31 33 30 29 31 28 27 29 26 25 27 24 23 25 22 21 23 20 19 21 18 17 19 16 15 17 14 13 15 12 11 13 10 9 11 14 13 15 16 15 17 18 17 19 34 33 35 36 35 37 34 33 35 32 31 33 30 29 31 28 27 29 26 25 27 24 23 25 22 21 23 20 19 21 18 17 19 16 15 17 14 13 15 12 11 13 32 31 33 30 29 31 28 27 29 26 25 27 24 23 25 22 21 23 20 19 21 18 17 19 16 15 17 14 13 15 30 29 31 28 27 29 26 25 27 24 23 25 22 21 23 20 19 21 18 17 19 16 15 17 32 31 33 34 33 35 32 31 33 30 29 31 28 27 29 26 25 27 24 23 25 22 21 23 20 19 21 36 35 37 34 33 35 32 31 33 30 29 31 28 27 29 26 25 27 24 23 25 22 21 23 20 19 21 18 17 19
[perfect H=18][7.838436s] A=259 K=481 i=1.695358602e+09) 37 35 33 31 29 27 25 23 21 19 17 15 13 11 9 7 5 3 1 18 17 19 16 15 17 14 13 15 12 11 13 10 9 11 8 7 9 6 5 7 4 3 5 2 1 3 36 35 37 34 33 35 32 31 33 30 29 31 28 27 29 26 25 27 24 23 25 22 21 23 20 19 21 18 17 19 16 15 17 14 13 15 12 11 13 10 9 11 8 7 9 6 5 7 4 3 5 2 1 3 0 1 34 33 35 32 31 33 30 29 31 28 27 29 26 25 27 24 23 25 22 21 23 20 19 21 18 17 19 16 15 17 14 13 15 12 11 13 10 9 11 8 7 9 6 5 7 4 3 5 2 1 3 32 31 33 30 29 31 28 27 29 26 25 27 24 23 25 22 21 23 20 19 21 18 17 19 16 15 17 14 13 15 12 11 13 10 9 11 8 7 9 6 5 7 4 3 5 36 35 37 34 33 35 32 31 33 30 29 31 28 27 29 26 25 27 24 23 25 22 21 23 20 19 21 18 17 19 16 15 17 14 13 15 12 11 13 10 9 11 8 7 9 6 5 7 4 3 5 2 1 3 30 29 31 28 27 29 26 25 27 24 23 25 22 21 23 20 19 21 18 17 19 16 15 17 14 13 15 12 11 13 10 9 11 8 7 9 6 5 7 36 35 37 34 33 35 32 31 33 30 29 31 28 27 29 26 25 27 24 23 25 22 21 23 20 19 21 18 17 19 16 15 17 14 13 15 12 11 13 10 9 11 8 7 9 6 5 7 4 3 5 28 27 29 26 25 27 24 23 25 22 21 23 20 19 21 18 17 19 16 15 17 14 13 15 12 11 13 10 9 11 8 7 9 22 21 23 20 19 21 18 17 19 16 15 17 14 13 15 12 11 13 10 9 11 20 19 21 18 17 19 16 15 17 14 13 15 12 11 13 24 23 25 22 21 23 26 25 27 24 23 25 22 21 23 20 19 21 18 17 19 16 15 17 14 13 15 20 19 21 18 17 19 16 15 17 28 27 29 26 25 27 24 23 25 30 29 31 28 27 29 26 25 27 24 23 25 22 21 23 34 33 35 32 31 33 30 29 31 28 27 29 26 25 27 24 23 25 22 21 23 20 19 21 18 17 19 16 15 17 14 13 15 12 11 13 10 9 11 8 7 9 6 5 7 12 11 13 10 9 11 14 13 15 32 31 33 30 29 31 28 27 29 26 25 27 24 23 25 22 21 23 20 19 21 18 17 19 16 15 17 14 13 15 12 11 13 28 27 29 34 33 35 32 31 33 30 29 31 36 35 37 34 33 35 32 31 33 30 29 31 28 27 29 26 25 27 24 23 25 22 21 23 20 19 21 18 17 19 16 15 17 14 13 15 12 11 13 10 9 11 8 7 9 10 9 11 12 11 13 20 19 21 18 17 19 16 15 17 28 27 29 26 25 27 24 23 25 22 21 23 20 19 21 18 17 19 16 15 17 14 13 15 30 29 31 28 27 29 26 25 27 34 33 35 32 31 33 30 29 31 28 27 29 26 25 27 24 23 25 22 21 23 20 19 21 18 17 19 36 35 37 34 33 35 32 31 33 30 29 31 28 27 29 26 25 27 24 23 25 22 21 23 20 19 21 18 17 19 16 15 17 14 13 15 12 11 13 24 23 25 22 21 23 26 25 27 28 27 29
[perfect_asc H=18][7.548195s] A=259 K=481 i=1.856124743e+09) 37 35 33 31 29 27 25 23 21 19 17 15 13 11 9 7 5 3 1 18 17 19 16 15 17 14 13 15 12 11 13 10 9 11 8 7 9 6 5 7 4 3 5 2 1 3 4 3 5 6 5 7 8 7 9 6 5 7 4 3 5 10 9 11 8 7 9 12 11 13 10 9 11 8 7 9 6 5 7 4 3 5 14 13 15 12 11 13 10 9 11 8 7 9 6 5 7 16 15 17 14 13 15 12 11 13 10 9 11 18 17 19 16 15 17 14 13 15 12 11 13 20 19 21 18 17 19 16 15 17 14 13 15 12 11 13 10 9 11 8 7 9 6 5 7 4 3 5 2 1 3 4 3 5 6 5 7 8 7 9 10 9 11 12 11 13 14 13 15 22 21 23 20 19 21 18 17 19 16 15 17 18 17 19 24 23 25 22 21 23 20 19 21 26 25 27 24 23 25 22 21 23 20 19 21 18 17 19 16 15 17 14 13 15 12 11 13 14 13 15 18 17 19 16 15 17 28 27 29 26 25 27 24 23 25 22 21 23 20 19 21 18 17 19 30 29 31 28 27 29 26 25 27 24 23 25 22 21 23 20 19 21 32 31 33 30 29 31 28 27 29 26 25 27 24 23 25 22 21 23 20 19 21 18 17 19 16 15 17 14 13 15 12 11 13 10 9 11 8 7 9 6 5 7 14 13 15 18 17 19 16 15 17 34 33 35 32 31 33 30 29 31 28 27 29 26 25 27 24 23 25 22 21 23 20 19 21 18 17 19 16 15 17 14 13 15 12 11 13 10 9 11 8 7 9 6 5 7 4 3 5 14 13 15 12 11 13 10 9 11 8 7 9 16 15 17 14 13 15 12 11 13 10 9 11 22 21 23 20 19 21 18 17 19 36 35 37 34 33 35 32 31 33 30 29 31 28 27 29 26 25 27 24 23 25 22 21 23 20 19 21 18 17 19 16 15 17 14 13 15 12 11 13 10 9 11 8 7 9 6 5 7 4 3 5 2 1 3 0 1 2 1 3 4 3 5 6 5 7 8 7 9 10 9 11 12 11 13 14 13 15 16 15 17 18 17 19 20 19 21 22 21 23 24 23 25 26 25 27 28 27 29 30 29 31 32 31 33 34 33 35 36 35 37 34 33 35 32 31 33 30 29 31 28 27 29 26 25 27 24 23 25 22 21 23 20 19 21 18 17 19 16 15 17 14 13 15 12 11 13 10 9 11 8 7 9 6 5 7 4 3 5 2 1 3 32 31 33 30 29 31 28 27 29 26 25 27 24 23 25 22 21 23 20 19 21 18 17 19 16 15 17 14 13 15 12 11 13 10 9 11 8 7 9 6 5 7 4 3 5 26 25 27 24 23 25 22 21 23 20 19 21 18 17 19 24 23 25 22 21 23 20 19 21 28 27 29 26 25 27 24 23 25 22 21 23 30 29 31 28 27 29 26 25 27 24 23 25 22 21 23 20 19 21 18 17 19 16 15 17 14 13 15 12 11 13 10 9 11 8 7 9 6 5 7 20 19 21 18 17 19 16 15 17 14 13 15 12 11 13 10 9 11 8 7 9 16 15 17 14 13 15 12 11 13 10 9 11 18 17 19 16 15 17 14 13 15 12 11 13 20 19 21 18 17 19 22 21 23 20 19 21 18 17 19 16 15 17 14 13 15
[perfect H=20][0.357592s] A=259 K=481 i=6.97848e+07) 37 35 33 31 29 27 25 23 21 19 17 15 13 11 9 7 5 3 1 20 19 21 18 17 19 16 15 17 14 13 15 12 11 13 10 9 11 8 7 9 6 5 7 4 3 5 2 1 3 36 35 37 34 33 35 32 31 33 30 29 31 28 27 29 26 25 27 24 23 25 22 21 23 20 19 21 18 17 19 16 15 17 14 13 15 12 11 13 10 9 11 8 7 9 6 5 7 4 3 5 2 1 3 0 1 34 33 35 32 31 33 30 29 31 28 27 29 26 25 27 24 23 25 22 21 23 20 19 21 18 17 19 16 15 17 14 13 15 12 11 13 10 9 11 8 7 9 6 5 7 4 3 5 2 1 3 32 31 33 30 29 31 28 27 29 26 25 27 24 23 25 22 21 23 20 19 21 18 17 19 16 15 17 14 13 15 12 11 13 10 9 11 8 7 9 6 5 7 4 3 5 36 35 37 34 33 35 32 31 33 30 29 31 28 27 29 26 25 27 24 23 25 22 21 23 20 19 21 18 17 19 16 15 17 14 13 15 12 11 13 10 9 11 8 7 9 6 5 7 4 3 5 2 1 3 30 29 31 28 27 29 26 25 27 24 23 25 22 21 23 20 19 21 18 17 19 16 15 17 14 13 15 12 11 13 10 9 11 8 7 9 6 5 7 36 35 37 34 33 35 32 31 33 30 29 31 28 27 29 26 25 27 24 23 25 22 21 23 20 19 21 18 17 19 16 15 17 14 13 15 12 11 13 10 9 11 8 7 9 6 5 7 4 3 5 28 27 29 26 25 27 24 23 25 22 21 23 20 19 21 18 17 19 16 15 17 14 13 15 12 11 13 10 9 11 8 7 9 26 25 27 24 23 25 22 21 23 20 19 21 18 17 19 16 15 17 14 13 15 12 11 13 10 9 11 24 23 25 22 21 23 20 19 21 18 17 19 16 15 17 14 13 15 12 11 13 22 21 23 20 19 21 18 17 19 16 15 17 14 13 15 26 25 27 24 23 25 28 27 29 30 29 31 32 31 33 34 33 35 32 31 33 30 29 31 28 27 29 26 25 27 24 23 25 22 21 23 20 19 21 18 17 19 16 15 17 14 13 15 12 11 13 10 9 11 8 7 9 6 5 7 28 27 29 26 25 27 24 23 25 22 21 23 20 19 21 18 17 19 16 15 17 30 29 31 28 27 29 26 25 27 24 23 25 22 21 23 20 19 21 18 17 19 32 31 33 30 29 31 28 27 29 26 25 27 24 23 25 34 33 35 32 31 33 30 29 31 28 27 29 26 25 27 36 35 37 34 33 35 32 31 33 30 29 31 28 27 29 26 25 27 24 23 25 22 21 23 20 19 21 18 17 19 16 15 17 14 13 15 12 11 13 10 9 11 8 7 9 16 15 17 14 13 15 12 11 13 10 9 11 18 17 19 20 19 21 24 23 25 22 21 23 32 31 33 30 29 31 28 27 29 26 25 27 34 33 35 36 35 37 34 33 35 32 31 33 30 29 31 28 27 29 26 25 27 24 23 25 22 21 23 20 19 21 18 17 19 16 15 17 14 13 15 12 11 13 20 19 21 18 17 19 16 15 17 14 13 15 18 17 19 20 19 21 22 21 23 20 19 21 24 23 25 22 21 23 26 25 27 24 23 25 30 29 31 28 27 29 26 25 27
[perfect_asc H=20][4.215482s] A=259 K=481 i=1.279378744e+09) 37 35 33 31 29 27 25 23 21 19 17 15 13 11 9 7 5 3 1 20 19 21 18 17 19 16 15 17 14 13 15 12 11 13 10 9 11 8 7 9 6 5 7 4 3 5 2 1 3 4 3 5 6 5 7 8 7 9 6 5 7 4 3 5 10 9 11 8 7 9 12 11 13 10 9 11 8 7 9 6 5 7 4 3 5 14 13 15 12 11 13 10 9 11 8 7 9 6 5 7 16 15 17 14 13 15 12 11 13 10 9 11 18 17 19 16 15 17 14 13 15 12 11 13 10 9 11 8 7 9 6 5 7 4 3 5 20 19 21 18 17 19 16 15 17 14 13 15 12 11 13 10 9 11 8 7 9 6 5 7 22 21 23 20 19 21 18 17 19 16 15 17 14 13 15 12 11 13 24 23 25 22 21 23 20 19 21 18 17 19 16 15 17 14 13 15 12 11 13 26 25 27 24 23 25 22 21 23 20 19 21 18 17 19 16 15 17 14 13 15 28 27 29 26 25 27 24 23 25 22 21 23 20 19 21 18 17 19 16 15 17 14 13 15 12 11 13 30 29 31 28 27 29 26 25 27 24 23 25 22 21 23 20 19 21 18 17 19 16 15 17 32 31 33 30 29 31 28 27 29 26 25 27 24 23 25 22 21 23 20 19 21 18 17 19 34 33 35 32 31 33 30 29 31 28 27 29 26 25 27 24 23 25 22 21 23 20 19 21 18 17 19 16 15 17 14 13 15 12 11 13 10 9 11 8 7 9 36 35 37 34 33 35 32 31 33 30 29 31 28 27 29 26 25 27 24 23 25 22 21 23 20 19 21 18 17 19 16 15 17 14 13 15 12 11 13 10 9 11 8 7 9 6 5 7 4 3 5 2 1 3 0 1 6 5 7 4 3 5 2 1 3 14 13 15 12 11 13 10 9 11 8 7 9 16 15 17 14 13 15 12 11 13 10 9 11 8 7 9 6 5 7 4 3 5 6 5 7 8 7 9 10 9 11 8 7 9 12 11 13 10 9 11 14 13 15 12 11 13 16 15 17 14 13 15 18 17 19 16 15 17 20 19 21 18 17 19 22 21 23 20 19 21 18 17 19 16 15 17 24 23 25 22 21 23 20 19 21 26 25 27 24 23 25 28 27 29 26 25 27 30 29 31 28 27 29 32 31 33 30 29 31 34 33 35 32 31 33 36 35 37 34 33 35 32 31 33 30 29 31 28 27 29 26 25 27 24 23 25 22 21 23 20 19 21 18 17 19 16 15 17 14 13 15 12 11 13 10 9 11 8 7 9 6 5 7 4 3 5 2 1 3 30 29 31 28 27 29 26 25 27 24 23 25 22 21 23 20 19 21 18 17 19 16 15 17 14 13 15 12 11 13 10 9 11 8 7 9 6 5 7 4 3 5 18 17 19 26 25 27 24 23 25 22 21 23 20 19 21 24 23 25 22 21 23 28 27 29 26 25 27 24 23 25 22 21 23 20 19 21 18 17 19 16 15 17 14 13 15 12 11 13 10 9 11 8 7 9 6 5 7 18 17 19 16 15 17 14 13 15 12 11 13 10 9 11 8 7 9 20 19 21 18 17 19 16 15 17 14 13 15 12 11 13 10 9 11 22 21 23 20 19 21 18 17 19 16 15 17 14 13 15 12 11 13 16 15 17 14 13 15
[perfect H=22][0.193654s] A=259 K=481 i=5.0825532e+07) 37 35 33 31 29 27 25 23 21 19 17 15 13 11 9 7 5 3 1 22 21 23 20 19 21 18 17 19 16 15 17 14 13 15 12 11 13 10 9 11 8 7 9 6 5 7 4 3 5 2 1 3 36 35 37 34 33 35 32 31 33 30 29 31 28 27 29 26 25 27 24 23 25 22 21 23 20 19 21 18 17 19 16 15 17 14 13 15 12 11 13 10 9 11 8 7 9 6 5 7 4 3 5 2 1 3 0 1 34 33 35 32 31 33 30 29 31 28 27 29 26 25 27 24 23 25 22 21 23 20 19 21 18 17 19 16 15 17 14 13 15 12 11 13 10 9 11 8 7 9 6 5 7 4 3 5 2 1 3 32 31 33 30 29 31 28 27 29 26 25 27 24 23 25 22 21 23 20 19 21 18 17 19 16 15 17 14 13 15 12 11 13 10 9 11 8 7 9 6 5 7 4 3 5 36 35 37 34 33 35 32 31 33 30 29 31 28 27 29 26 25 27 24 23 25 22 21 23 20 19 21 18 17 19 16 15 17 14 13 15 12 11 13 10 9 11 8 7 9 6 5 7 4 3 5 2 1 3 30 29 31 28 27 29 26 25 27 24 23 25 22 21 23 20 19 21 18 17 19 16 15 17 14 13 15 12 11 13 10 9 11 8 7 9 6 5 7 36 35 37 34 33 35 32 31 33 30 29 31 28 27 29 26 25 27 24 23 25 22 21 23 20 19 21 18 17 19 16 15 17 14 13 15 12 11 13 10 9 11 8 7 9 6 5 7 4 3 5 28 27 29 26 25 27 24 23 25 22 21 23 20 19 21 18 17 19 16 15 17 14 13 15 12 11 13 10 9 11 8 7 9 26 25 27 24 23 25 22 21 23 20 19 21 18 17 19 16 15 17 14 13 15 12 11 13 10 9 11 20 19 21 18 17 19 16 15 17 14 13 15 22 21 23 24 23 25 22 21 23 20 19 21 18 17 19 26 25 27 28 27 29 34 33 35 32 31 33 30 29 31 28 27 29 26 25 27 24 23 25 22 21 23 20 19 21 18 17 19 16 15 17 14 13 15 12 11 13 10 9 11 8 7 9 6 5 7 26 25 27 24 23 25 28 27 29 26 25 27 32 31 33 30 29 31 28 27 29 34 33 35 32 31 33 30 29 31 36 35 37 34 33 35 32 31 33 30 29 31 28 27 29 26 25 27 24 23 25 22 21 23 20 19 21 18 17 19 16 15 17 14 13 15 12 11 13 10 9 11 8 7 9 16 15 17 14 13 15 12 11 13 20 19 21 18 17 19 26 25 27 24 23 25 22 21 23 20 19 21 18 17 19 16 15 17 14 13 15 12 11 13 10 9 11 16 15 17 18 17 19 28 27 29 26 25 27 24 23 25 22 21 23 20 19 21 18 17 19 16 15 17 14 13 15 30 29 31 28 27 29 26 25 27 24 23 25 22 21 23 20 19 21 30 29 31 32 31 33 34 33 35 36 35 37 34 33 35 32 31 33 30 29 31 28 27 29 26 25 27 24 23 25 22 21 23 20 19 21 18 17 19 16 15 17 14 13 15 12 11 13 18 17 19 20 19 21 30 29 31 28 27 29 26 25 27 24 23 25 22 21 23 32 31 33 30 29 31 28 27 29 26 25 27 24 23 25 22 21 23 20 19 21
[perfect_asc H=22][1.469903s] A=259 K=481 i=4.08959763e+08) 37 35 33 31 29 27 25 23 21 19 17 15 13 11 9 7 5 3 1 22 21 23 20 19 21 18 17 19 16 15 17 14 13 15 12 11 13 10 9 11 8 7 9 6 5 7 4 3 5 2 1 3 4 3 5 6 5 7 8 7 9 6 5 7 4 3 5 10 9 11 8 7 9 12 11 13 10 9 11 8 7 9 6 5 7 4 3 5 14 13 15 12 11 13 10 9 11 8 7 9 6 5 7 16 15 17 14 13 15 12 11 13 10 9 11 18 17 19 16 15 17 14 13 15 12 11 13 10 9 11 8 7 9 6 5 7 4 3 5 20 19 21 18 17 19 16 15 17 14 13 15 12 11 13 10 9 11 8 7 9 6 5 7 4 3 5 22 21 23 20 19 21 18 17 19 16 15 17 14 13 15 12 11 13 24 23 25 22 21 23 20 19 21 18 17 19 16 15 17 14 13 15 26 25 27 24 23 25 22 21 23 20 19 21 18 17 19 16 15 17 28 27 29 26 25 27 24 23 25 22 21 23 20 19 21 18 17 19 30 29 31 28 27 29 26 25 27 24 23 25 22 21 23 20 19 21 32 31 33 30 29 31 28 27 29 26 25 27 24 23 25 22 21 23 20 19 21 18 17 19 16 15 17 14 13 15 12 11 13 10 9 11 8 7 9 16 15 17 14 13 15 12 11 13 18 17 19 16 15 17 14 13 15 34 33 35 32 31 33 30 29 31 28 27 29 26 25 27 24 23 25 22 21 23 20 19 21 18 17 19 16 15 17 14 13 15 12 11 13 10 9 11 8 7 9 6 5 7 12 11 13 10 9 11 14 13 15 36 35 37 34 33 35 32 31 33 30 29 31 28 27 29 26 25 27 24 23 25 22 21 23 20 19 21 18 17 19 16 15 17 14 13 15 12 11 13 10 9 11 8 7 9 6 5 7 4 3 5 2 1 3 0 1 4 3 5 2 1 3 6 5 7 4 3 5 8 7 9 6 5 7 10 9 11 8 7 9 12 11 13 10 9 11 14 13 15 12 11 13 14 13 15 16 15 17 24 23 25 22 21 23 20 19 21 18 17 19 16 15 17 20 19 21 18 17 19 22 21 23 20 19 21 24 23 25 22 21 23 26 25 27 24 23 25 28 27 29 26 25 27 30 29 31 28 27 29 32 31 33 30 29 31 34 33 35 32 31 33 36 35 37 34 33 35 32 31 33 30 29 31 28 27 29 26 25 27 24 23 25 22 21 23 20 19 21 18 17 19 16 15 17 14 13 15 12 11 13 10 9 11 8 7 9 6 5 7 4 3 5 2 1 3 26 25 27 24 23 25 30 29 31 28 27 29 26 25 27 24 23 25 22 21 23 20 19 21 18 17 19 16 15 17 14 13 15 12 11 13 10 9 11 8 7 9 6 5 7 4 3 5 14 13 15 22 21 23 20 19 21 18 17 19 16 15 17 24 23 25 22 21 23 20 19 21 18 17 19 28 27 29 26 25 27 24 23 25 22 21 23 20 19 21 18 17 19 16 15 17 14 13 15 12 11 13 10 9 11 8 7 9 6 5 7 14 13 15 12 11 13 10 9 11 8 7 9 16 15 17 14 13 15 12 11 13 10 9 11 18 17 19 24 23 25 22 21 23 20 19 21 18 17 19 16 15 17 14 13 15 12 11 13
[perfect_asc H=24][0.449531s] A=259 K=481 i=1.49646621e+08) 37 35 33 31 29 27 25 23 21 19 17 15 13 11 9 7 5 3 1 24 23 25 22 21 23 20 19 21 18 17 19 16 15 17 14 13 15 12 11 13 10 9 11 8 7 9 6 5 7 4 3 5 2 1 3 4 3 5 6 5 7 8 7 9 6 5 7 4 3 5 10 9 11 8 7 9 12 11 13 10 9 11 8 7 9 6 5 7 4 3 5 14 13 15 12 11 13 10 9 11 8 7 9 6 5 7 16 15 17 14 13 15 12 11 13 10 9 11 18 17 19 16 15 17 14 13 15 12 11 13 10 9 11 8 7 9 6 5 7 4 3 5 20 19 21 18 17 19 16 15 17 14 13 15 12 11 13 10 9 11 8 7 9 6 5 7 4 3 5 22 21 23 20 19 21 18 17 19 16 15 17 14 13 15 12 11 13 24 23 25 22 21 23 20 19 21 18 17 19 16 15 17 14 13 15 26 25 27 24 23 25 22 21 23 20 19 21 18 17 19 16 15 17 28 27 29 26 25 27 24 23 25 22 21 23 20 19 21 30 29 31 28 27 29 26 25 27 24 23 25 22 21 23 20 19 21 18 17 19 32 31 33 30 29 31 28 27 29 26 25 27 24 23 25 22 21 23 20 19 21 18 17 19 16 15 17 14 13 15 12 11 13 10 9 11 8 7 9 14 13 15 16 15 17 18 17 19 22 21 23 20 19 21 34 33 35 32 31 33 30 29 31 28 27 29 26 25 27 24 23 25 22 21 23 20 19 21 18 17 19 16 15 17 14 13 15 12 11 13 10 9 11 8 7 9 6 5 7 14 13 15 12 11 13 10 9 11 36 35 37 34 33 35 32 31 33 30 29 31 28 27 29 26 25 27 24 23 25 22 21 23 20 19 21 18 17 19 16 15 17 14 13 15 12 11 13 10 9 11 8 7 9 6 5 7 4 3 5 2 1 3 0 1 4 3 5 2 1 3 6 5 7 4 3 5 8 7 9 6 5 7 10 9 11 8 7 9 12 11 13 10 9 11 14 13 15 12 11 13 16 15 17 14 13 15 18 17 19 16 15 17 20 19 21 18 17 19 20 19 21 22 21 23 24 23 25 22 21 23 20 19 21 18 17 19 26 25 27 24 23 25 22 21 23 20 19 21 28 27 29 26 25 27 30 29 31 28 27 29 32 31 33 30 29 31 34 33 35 32 31 33 36 35 37 34 33 35 32 31 33 30 29 31 28 27 29 26 25 27 24 23 25 22 21 23 20 19 21 18 17 19 16 15 17 14 13 15 12 11 13 10 9 11 8 7 9 6 5 7 4 3 5 2 1 3 12 11 13 10 9 11 8 7 9 18 17 19 16 15 17 14 13 15 30 29 31 28 27 29 26 25 27 24 23 25 22 21 23 20 19 21 18 17 19 16 15 17 14 13 15 12 11 13 10 9 11 8 7 9 6 5 7 4 3 5 26 25 27 24 23 25 22 21 23 20 19 21 18 17 19 16 15 17 14 13 15 12 11 13 16 15 17 24 23 25 22 21 23 20 19 21 18 17 19 28 27 29 26 25 27 24 23 25 22 21 23 20 19 21 18 17 19 16 15 17 14 13 15 12 11 13 10 9 11 8 7 9 6 5 7 10 9 11 8 7 9 12 11 13 16 15 17 14 13 15 12 11 13 10 9 11
[perfect H=26][0.571878s] A=259 K=481 i=1.4122303e+08) 37 35 33 31 29 27 25 23 21 19 17 15 13 11 9 7 5 3 1 26 25 27 24 23 25 22 21 23 20 19 21 18 17 19 16 15 17 14 13 15 12 11 13 10 9 11 8 7 9 6 5 7 4 3 5 2 1 3 36 35 37 34 33 35 32 31 33 30 29 31 28 27 29 26 25 27 24 23 25 22 21 23 20 19 21 18 17 19 16 15 17 14 13 15 12 11 13 10 9 11 8 7 9 6 5 7 4 3 5 2 1 3 0 1 34 33 35 32 31 33 30 29 31 28 27 29 26 25 27 24 23 25 22 21 23 20 19 21 18 17 19 16 15 17 14 13 15 12 11 13 10 9 11 8 7 9 6 5 7 4 3 5 2 1 3 32 31 33 30 29 31 28 27 29 26 25 27 24 23 25 22 21 23 20 19 21 18 17 19 16 15 17 14 13 15 12 11 13 10 9 11 8 7 9 6 5 7 4 3 5 36 35 37 34 33 35 32 31 33 30 29 31 28 27 29 26 25 27 24 23 25 22 21 23 20 19 21 18 17 19 16 15 17 14 13 15 12 11 13 10 9 11 8 7 9 6 5 7 4 3 5 2 1 3 30 29 31 28 27 29 26 25 27 24 23 25 22 21 23 20 19 21 18 17 19 16 15 17 14 13 15 12 11 13 10 9 11 8 7 9 6 5 7 36 35 37 34 33 35 32 31 33 30 29 31 28 27 29 26 25 27 24 23 25 22 21 23 20 19 21 18 17 19 16 15 17 14 13 15 12 11 13 10 9 11 8 7 9 6 5 7 4 3 5 28 27 29 26 25 27 24 23 25 22 21 23 20 19 21 18 17 19 16 15 17 14 13 15 12 11 13 10 9 11 8 7 9 24 23 25 22 21 23 20 19 21 18 17 19 16 15 17 14 13 15 12 11 13 10 9 11 22 21 23 20 19 21 18 17 19 16 15 17 14 13 15 26 25 27 24 23 25 22 21 23 20 19 21 18 17 19 16 15 17 14 13 15 12 11 13 34 33 35 32 31 33 30 29 31 28 27 29 26 25 27 24 23 25 22 21 23 20 19 21 18 17 19 16 15 17 14 13 15 12 11 13 10 9 11 8 7 9 6 5 7 28 27 29 26 25 27 24 23 25 32 31 33 30 29 31 28 27 29 26 25 27 24 23 25 22 21 23 20 19 21 18 17 19 16 15 17 14 13 15 12 11 13 10 9 11 30 29 31 28 27 29 26 25 27 24 23 25 32 31 33 34 33 35 32 31 33 30 29 31 28 27 29 26 25 27 36 35 37 34 33 35 32 31 33 30 29 31 28 27 29 26 25 27 24 23 25 22 21 23 20 19 21 18 17 19 16 15 17 14 13 15 12 11 13 10 9 11 8 7 9 20 19 21 18 17 19 16 15 17 24 23 25 22 21 23 20 19 21 18 17 19 30 29 31 32 31 33 34 33 35 36 35 37 34 33 35 32 31 33 30 29 31 28 27 29 26 25 27 24 23 25 22 21 23 20 19 21 18 17 19 16 15 17 14 13 15 16 15 17 18 17 19 22 21 23 20 19 21 18 17 19 28 27 29 26 25 27 24 23 25 22 21 23 24 23 25 30 29 31 28 27 29 26 25 27 32 31 33 30 29 31 28 27 29 26 25 27 24 23 25 22 21 23 20 19 21
[perfect_asc H=26][1.613020s] A=259 K=481 i=4.36316053e+08) 37 35 33 31 29 27 25 23 21 19 17 15 13 11 9 7 5 3 1 26 25 27 24 23 25 22 21 23 20 19 21 18 17 19 16 15 17 14 13 15 12 11 13 10 9 11 8 7 9 6 5 7 4 3 5 2 1 3 4 3 5 6 5 7 8 7 9 6 5 7 4 3 5 10 9 11 8 7 9 12 11 13 10 9 11 8 7 9 6 5 7 4 3 5 14 13 15 12 11 13 10 9 11 8 7 9 6 5 7 16 15 17 14 13 15 12 11 13 10 9 11 18 17 19 16 15 17 14 13 15 12 11 13 10 9 11 8 7 9 6 5 7 4 3 5 20 19 21 18 17 19 16 15 17 14 13 15 12 11 13 10 9 11 8 7 9 6 5 7 4 3 5 22 21 23 20 19 21 18 17 19 16 15 17 14 13 15 12 11 13 24 23 25 22 21 23 20 19 21 18 17 19 16 15 17 14 13 15 26 25 27 24 23 25 22 21 23 20 19 21 18 17 19 16 15 17 28 27 29 26 25 27 24 23 25 22 21 23 20 19 21 18 17 19 30 29 31 28 27 29 26 25 27 24 23 25 22 21 23 20 19 21 32 31 33 30 29 31 28 27 29 26 25 27 24 23 25 22 21 23 20 19 21 18 17 19 16 15 17 14 13 15 12 11 13 10 9 11 8 7 9 18 17 19 16 15 17 14 13 15 12 11 13 10 9 11 34 33 35 32 31 33 30 29 31 28 27 29 26 25 27 24 23 25 22 21 23 20 19 21 18 17 19 16 15 17 14 13 15 12 11 13 10 9 11 8 7 9 6 5 7 36 35 37 34 33 35 32 31 33 30 29 31 28 27 29 26 25 27 24 23 25 22 21 23 20 19 21 18 17 19 16 15 17 14 13 15 12 11 13 10 9 11 8 7 9 6 5 7 4 3 5 2 1 3 0 1 4 3 5 2 1 3 6 5 7 4 3 5 8 7 9 6 5 7 10 9 11 8 7 9 12 11 13 10 9 11 14 13 15 12 11 13 16 15 17 14 13 15 12 11 13 10 9 11 8 7 9 18 17 19 20 19 21 22 21 23 24 23 25 22 21 23 20 19 21 18 17 19 16 15 17 18 17 19 20 19 21 22 21 23 24 23 25 22 21 23 26 25 27 28 27 29 26 25 27 24 23 25 30 29 31 28 27 29 32 31 33 30 29 31 34 33 35 32 31 33 36 35 37 34 33 35 32 31 33 30 29 31 28 27 29 26 25 27 24 23 25 22 21 23 20 19 21 18 17 19 16 15 17 14 13 15 12 11 13 10 9 11 8 7 9 6 5 7 4 3 5 2 1 3 18 17 19 22 21 23 20 19 21 30 29 31 28 27 29 26 25 27 24 23 25 22 21 23 20 19 21 18 17 19 16 15 17 14 13 15 12 11 13 10 9 11 8 7 9 6 5 7 4 3 5 18 17 19 16 15 17 14 13 15 26 25 27 24 23 25 28 27 29 26 25 27 24 23 25 22 21 23 20 19 21 18 17 19 16 15 17 14 13 15 12 11 13 10 9 11 8 7 9 6 5 7 12 11 13 10 9 11 22 21 23 20 19 21 18 17 19 16 15 17 14 13 15 12 11 13 10 9 11 8 7 9 24 23 25 22 21 23 20 19 21 18 17 19 16 15 17 14 13 15
[perfect_asc H=28][2.505278s] A=259 K=481 i=5.50083852e+08) 37 35 33 31 29 27 25 23 21 19 17 15 13 11 9 7 5 3 1 28 27 29 26 25 27 24 23 25 22 21 23 20 19 21 18 17 19 16 15 17 14 13 15 12 11 13 10 9 11 8 7 9 6 5 7 4 3 5 2 1 3 4 3 5 6 5 7 8 7 9 6 5 7 4 3 5 10 9 11 8 7 9 12 11 13 10 9 11 8 7 9 6 5 7 4 3 5 14 13 15 12 11 13 10 9 11 8 7 9 6 5 7 16 15 17 14 13 15 12 11 13 10 9 11 18 17 19 16 15 17 14 13 15 12 11 13 10 9 11 8 7 9 6 5 7 4 3 5 20 19 21 18 17 19 16 15 17 14 13 15 12 11 13 10 9 11 8 7 9 6 5 7 4 3 5 22 21 23 20 19 21 18 17 19 16 15 17 14 13 15 12 11 13 24 23 25 22 21 23 20 19 21 18 17 19 16 15 17 14 13 15 26 25 27 24 23 25 22 21 23 20 19 21 18 17 19 16 15 17 30 29 31 28 27 29 26 25 27 24 23 25 22 21 23 20 19 21 18 17 19 30 29 31 28 27 29 26 25 27 24 23 25 22 21 23 20 19 21 32 31 33 30 29 31 28 27 29 26 25 27 24 23 25 22 21 23 20 19 21 18 17 19 16 15 17 14 13 15 12 11 13 10 9 11 8 7 9 14 13 15 12 11 13 16 15 17 18 17 19 34 33 35 32 31 33 30 29 31 28 27 29 26 25 27 24 23 25 22 21 23 20 19 21 18 17 19 16 15 17 14 13 15 12 11 13 10 9 11 8 7 9 6 5 7 36 35 37 34 33 35 32 31 33 30 29 31 28 27 29 26 25 27 24 23 25 22 21 23 20 19 21 18 17 19 16 15 17 14 13 15 12 11 13 10 9 11 8 7 9 6 5 7 4 3 5 2 1 3 0 1 4 3 5 2 1 3 6 5 7 4 3 5 14 13 15 12 11 13 10 9 11 8 7 9 6 5 7 10 9 11 8 7 9 12 11 13 10 9 11 14 13 15 12 11 13 16 15 17 14 13 15 24 23 25 22 21 23 20 19 21 18 17 19 16 15 17 22 21 23 20 19 21 18 17 19 20 19 21 22 21 23 24 23 25 22 21 23 26 25 27 24 23 25 28 27 29 26 25 27 30 29 31 28 27 29 32 31 33 30 29 31 34 33 35 32 31 33 36 35 37 34 33 35 32 31 33 30 29 31 28 27 29 26 25 27 24 23 25 22 21 23 20 19 21 18 17 19 16 15 17 14 13 15 12 11 13 10 9 11 8 7 9 6 5 7 4 3 5 2 1 3 30 29 31 28 27 29 26 25 27 24 23 25 22 21 23 20 19 21 18 17 19 16 15 17 14 13 15 12 11 13 10 9 11 8 7 9 6 5 7 4 3 5 12 11 13 10 9 11 8 7 9 22 21 23 20 19 21 18 17 19 16 15 17 14 13 15 24 23 25 22 21 23 20 19 21 18 17 19 16 15 17 14 13 15 12 11 13 10 9 11 26 25 27 24 23 25 22 21 23 20 19 21 18 17 19 16 15 17 14 13 15 12 11 13 28 27 29 26 25 27 24 23 25 22 21 23 20 19 21 18 17 19 16 15 17 14 13 15 12 11 13 10 9 11 8 7 9 6 5 7
[perfect H=30][0.058521s] A=259 K=481 i=1.169735e+07) 37 35 33 31 29 27 25 23 21 19 17 15 13 11 9 7 5 3 1 30 29 31 28 27 29 26 25 27 24 23 25 22 21 23 20 19 21 18 17 19 16 15 17 14 13 15 12 11 13 10 9 11 8 7 9 6 5 7 4 3 5 2 1 3 36 35 37 34 33 35 32 31 33 30 29 31 28 27 29 26 25 27 24 23 25 22 21 23 20 19 21 18 17 19 16 15 17 14 13 15 12 11 13 10 9 11 8 7 9 6 5 7 4 3 5 2 1 3 0 1 34 33 35 32 31 33 30 29 31 28 27 29 26 25 27 24 23 25 22 21 23 20 19 21 18 17 19 16 15 17 14 13 15 12 11 13 10 9 11 8 7 9 6 5 7 4 3 5 2 1 3 32 31 33 30 29 31 28 27 29 26 25 27 24 23 25 22 21 23 20 19 21 18 17 19 16 15 17 14 13 15 12 11 13 10 9 11 8 7 9 6 5 7 4 3 5 36 35 37 34 33 35 32 31 33 30 29 31 28 27 29 26 25 27 24 23 25 22 21 23 20 19 21 18 17 19 16 15 17 14 13 15 12 11 13 10 9 11 8 7 9 6 5 7 4 3 5 2 1 3 34 33 35 32 31 33 30 29 31 28 27 29 26 25 27 24 23 25 22 21 23 20 19 21 18 17 19 16 15 17 14 13 15 12 11 13 10 9 11 8 7 9 6 5 7 36 35 37 34 33 35 32 31 33 30 29 31 28 27 29 26 25 27 24 23 25 22 21 23 20 19 21 18 17 19 16 15 17 14 13 15 12 11 13 10 9 11 8 7 9 6 5 7 4 3 5 28 27 29 26 25 27 24 23 25 22 21 23 20 19 21 18 17 19 16 15 17 14 13 15 12 11 13 10 9 11 8 7 9 30 29 31 28 27 29 26 25 27 24 23 25 22 21 23 20 19 21 18 17 19 16 15 17 14 13 15 12 11 13 10 9 11 8 7 9 22 21 23 20 19 21 18 17 19 16 15 17 14 13 15 12 11 13 18 17 19 24 23 25 22 21 23 20 19 21 26 25 27 24 23 25 22 21 23 20 19 21 18 17 19 16 15 17 14 13 15 12 11 13 10 9 11 18 17 19 16 15 17 14 13 15 12 11 13 28 27 29 26 25 27 24 23 25 32 31 33 30 29 31 28 27 29 26 25 27 24 23 25 22 21 23 20 19 21 18 17 19 16 15 17 14 13 15 30 29 31 28 27 29 32 31 33 34 33 35 32 31 33 30 29 31 28 27 29 26 25 27 24 23 25 22 21 23 20 19 21 18 17 19 16 15 17 26 25 27 28 27 29 36 35 37 34 33 35 32 31 33 30 29 31 28 27 29 26 25 27 24 23 25 22 21 23 20 19 21 18 17 19 16 15 17 14 13 15 12 11 13 10 9 11 12 11 13 14 13 15 20 19 21 18 17 19 16 15 17 34 33 35 32 31 33 30 29 31 28 27 29 26 25 27 24 23 25 22 21 23 36 35 37 34 33 35 32 31 33 30 29 31 28 27 29 26 25 27 24 23 25 22 21 23 20 19 21 18 17 19 16 15 17 20 19 21 18 17 19 30 29 31 28 27 29 26 25 27 24 23 25 22 21 23 20 19 21 24 23 25 22 21 23 32 31 33 30 29 31 28 27 29 26 25 27
[perfect_asc H=30][1.413751s] A=259 K=481 i=2.78315854e+08) 37 35 33 31 29 27 25 23 21 19 17 15 13 11 9 7 5 3 1 30 29 31 28 27 29 26 25 27 24 23 25 22 21 23 20 19 21 18 17 19 16 15 17 14 13 15 12 11 13 10 9 11 8 7 9 6 5 7 4 3 5 2 1 3 4 3 5 6 5 7 8 7 9 6 5 7 4 3 5 10 9 11 8 7 9 12 11 13 10 9 11 8 7 9 6 5 7 4 3 5 14 13 15 12 11 13 10 9 11 8 7 9 6 5 7 16 15 17 14 13 15 12 11 13 10 9 11 18 17 19 16 15 17 14 13 15 12 11 13 10 9 11 8 7 9 6 5 7 4 3 5 20 19 21 18 17 19 16 15 17 14 13 15 12 11 13 10 9 11 8 7 9 6 5 7 4 3 5 22 21 23 20 19 21 18 17 19 16 15 17 14 13 15 12 11 13 24 23 25 22 21 23 20 19 21 18 17 19 16 15 17 14 13 15 26 25 27 24 23 25 22 21 23 20 19 21 18 17 19 16 15 17 14 13 15 28 27 29 26 25 27 24 23 25 22 21 23 20 19 21 18 17 19 16 15 17 32 31 33 30 29 31 28 27 29 26 25 27 24 23 25 22 21 23 20 19 21 18 17 19 16 15 17 14 13 15 12 11 13 10 9 11 8 7 9 14 13 15 12 11 13 32 31 33 30 29 31 28 27 29 26 25 27 24 23 25 22 21 23 34 33 35 32 31 33 30 29 31 28 27 29 26 25 27 24 23 25 22 21 23 20 19 21 18 17 19 16 15 17 14 13 15 12 11 13 10 9 11 8 7 9 6 5 7 36 35 37 34 33 35 32 31 33 30 29 31 28 27 29 26 25 27 24 23 25 22 21 23 20 19 21 18 17 19 16 15 17 14 13 15 12 11 13 10 9 11 8 7 9 6 5 7 4 3 5 2 1 3 0 1 4 3 5 2 1 3 6 5 7 4 3 5 8 7 9 10 9 11 12 11 13 14 13 15 20 19 21 18 17 19 16 15 17 14 13 15 12 11 13 10 9 11 8 7 9 6 5 7 8 7 9 10 9 11 12 11 13 14 13 15 24 23 25 22 21 23 20 19 21 18 17 19 16 15 17 18 17 19 20 19 21 22 21 23 20 19 21 24 23 25 22 21 23 26 25 27 24 23 25 28 27 29 26 25 27 30 29 31 28 27 29 32 31 33 30 29 31 34 33 35 32 31 33 36 35 37 34 33 35 32 31 33 30 29 31 28 27 29 26 25 27 24 23 25 22 21 23 20 19 21 18 17 19 16 15 17 14 13 15 12 11 13 10 9 11 8 7 9 6 5 7 4 3 5 2 1 3 18 17 19 26 25 27 24 23 25 22 21 23 20 19 21 30 29 31 28 27 29 26 25 27 24 23 25 22 21 23 20 19 21 18 17 19 16 15 17 14 13 15 12 11 13 10 9 11 8 7 9 6 5 7 4 3 5 18 17 19 16 15 17 14 13 15 12 11 13 10 9 11 8 7 9 20 19 21 24 23 25 22 21 23 28 27 29 26 25 27 24 23 25 22 21 23 20 19 21 18 17 19 16 15 17 14 13 15 12 11 13 10 9 11 20 19 21 18 17 19 16 15 17 14 13 15 12 11 13 22 21 23 20 19 21 18 17 19 16 15 17 14 13 15
[perfect H=34][0.065358s] A=259 K=481 i=1.450597e+07) 37 35 33 31 29 27 25 23 21 19 17 15 13 11 9 7 5 3 1 34 33 35 32 31 33 30 29 31 28 27 29 26 25 27 24 23 25 22 21 23 20 19 21 18 17 19 16 15 17 14 13 15 12 11 13 10 9 11 8 7 9 6 5 7 4 3 5 2 1 3 36 35 37 34 33 35 32 31 33 30 29 31 28 27 29 26 25 27 24 23 25 22 21 23 20 19 21 18 17 19 16 15 17 14 13 15 12 11 13 10 9 11 8 7 9 6 5 7 4 3 5 2 1 3 0 1 36 35 37 34 33 35 32 31 33 30 29 31 28 27 29 26 25 27 24 23 25 22 21 23 20 19 21 18 17 19 16 15 17 14 13 15 12 11 13 10 9 11 8 7 9 6 5 7 4 3 5 2 1 3 32 31 33 30 29 31 28 27 29 26 25 27 24 23 25 22 21 23 20 19 21 18 17 19 16 15 17 14 13 15 12 11 13 10 9 11 8 7 9 6 5 7 4 3 5 34 33 35 32 31 33 30 29 31 28 27 29 26 25 27 24 23 25 22 21 23 20 19 21 18 17 19 16 15 17 14 13 15 12 11 13 10 9 11 8 7 9 6 5 7 4 3 5 30 29 31 28 27 29 26 25 27 24 23 25 22 21 23 20 19 21 18 17 19 16 15 17 14 13 15 12 11 13 10 9 11 8 7 9 6 5 7 36 35 37 34 33 35 32 31 33 30 29 31 28 27 29 26 25 27 24 23 25 22 21 23 20 19 21 18 17 19 16 15 17 14 13 15 12 11 13 10 9 11 8 7 9 6 5 7 28 27 29 26 25 27 24 23 25 22 21 23 20 19 21 18 17 19 16 15 17 14 13 15 12 11 13 10 9 11 8 7 9 26 25 27 24 23 25 22 21 23 20 19 21 18 17 19 16 15 17 14 13 15 12 11 13 10 9 11 24 23 25 22 21 23 20 19 21 18 17 19 16 15 17 14 13 15 12 11 13 22 21 23 20 19 21 18 17 19 16 15 17 14 13 15 28 27 29 26 25 27 24 23 25 26 25 27 28 27 29 36 35 37 34 33 35 32 31 33 30 29 31 28 27 29 26 25 27 24 23 25 22 21 23 20 19 21 18 17 19 16 15 17 14 13 15 12 11 13 10 9 11 8 7 9 32 31 33 30 29 31 34 33 35 32 31 33 30 29 31 28 27 29 26 25 27 24 23 25 22 21 23 20 19 21 18 17 19 16 15 17 14 13 15 12 11 13 10 9 11 28 27 29 26 25 27 24 23 25 22 21 23 20 19 21 18 17 19 16 15 17 14 13 15 12 11 13 26 25 27 30 29 31 28 27 29 30 29 31 32 31 33 36 35 37 34 33 35 32 31 33 30 29 31 28 27 29 26 25 27 24 23 25 22 21 23 20 19 21 18 17 19 16 15 17 14 13 15 20 19 21 18 17 19 16 15 17 18 17 19 20 19 21 26 25 27 24 23 25 22 21 23 20 19 21 30 29 31 28 27 29 26 25 27 24 23 25 22 21 23 36 35 37 34 33 35 32 31 33 30 29 31 28 27 29 26 25 27 24 23 25 22 21 23 20 19 21 18 17 19 16 15 17 18 17 19 34 33 35 32 31 33 30 29 31 28 27 29 26 25 27 24 23 25 22 21 23 20 19 21
[perfect H=36][0.072615s] A=259 K=481 i=1.5598443e+07) 37 35 33 31 29 27 25 23 21 19 17 15 13 11 9 7 5 3 1 36 35 37 34 33 35 32 31 33 30 29 31 28 27 29 26 25 27 24 23 25 22 21 23 20 19 21 18 17 19 16 15 17 14 13 15 12 11 13 10 9 11 8 7 9 6 5 7 4 3 5 2 1 3 0 1 34 33 35 32 31 33 30 29 31 28 27 29 26 25 27 24 23 25 22 21 23 20 19 21 18 17 19 16 15 17 14 13 15 12 11 13 10 9 11 8 7 9 6 5 7 4 3 5 2 1 3 36 35 37 34 33 35 32 31 33 30 29 31 28 27 29 26 25 27 24 23 25 22 21 23 20 19 21 18 17 19 16 15 17 14 13 15 12 11 13 10 9 11 8 7 9 6 5 7 4 3 5 2 1 3 32 31 33 30 29 31 28 27 29 26 25 27 24 23 25 22 21 23 20 19 21 18 17 19 16 15 17 14 13 15 12 11 13 10 9 11 8 7 9 6 5 7 4 3 5 36 35 37 34 33 35 32 31 33 30 29 31 28 27 29 26 25 27 24 23 25 22 21 23 20 19 21 18 17 19 16 15 17 14 13 15 12 11 13 10 9 11 8 7 9 6 5 7 4 3 5 30 29 31 28 27 29 26 25 27 24 23 25 22 21 23 20 19 21 18 17 19 16 15 17 14 13 15 12 11 13 10 9 11 8 7 9 6 5 7 34 33 35 32 31 33 30 29 31 28 27 29 26 25 27 24 23 25 22 21 23 20 19 21 18 17 19 16 15 17 14 13 15 12 11 13 10 9 11 8 7 9 6 5 7 28 27 29 26 25 27 24 23 25 22 21 23 20 19 21 18 17 19 16 15 17 14 13 15 12 11 13 10 9 11 8 7 9 26 25 27 24 23 25 22 21 23 20 19 21 18 17 19 16 15 17 14 13 15 12 11 13 10 9 11 24 23 25 22 21 23 20 19 21 18 17 19 16 15 17 14 13 15 12 11 13 22 21 23 20 19 21 18 17 19 16 15 17 14 13 15 24 23 25 26 25 27 28 27 29 26 25 27 24 23 25 36 35 37 34 33 35 32 31 33 30 29 31 28 27 29 26 25 27 24 23 25 22 21 23 20 19 21 18 17 19 16 15 17 14 13 15 12 11 13 10 9 11 8 7 9 32 31 33 30 29 31 28 27 29 26 25 27 24 23 25 22 21 23 20 19 21 18 17 19 16 15 17 34 33 35 32 31 33 30 29 31 28 27 29 26 25 27 24 23 25 22 21 23 20 19 21 18 17 19 28 27 29 30 29 31 32 31 33 36 35 37 34 33 35 32 31 33 30 29 31 28 27 29 26 25 27 24 23 25 22 21 23 20 19 21 18 17 19 16 15 17 14 13 15 12 11 13 10 9 11 14 13 15 12 11 13 16 15 17 14 13 15 18 17 19 16 15 17 20 19 21 18 17 19 16 15 17 28 27 29 26 25 27 24 23 25 22 21 23 20 19 21 18 17 19 30 29 31 28 27 29 26 25 27 36 35 37 34 33 35 32 31 33 30 29 31 28 27 29 26 25 27 24 23 25 22 21 23 20 19 21 18 17 19 16 15 17 24 23 25 22 21 23 26 25 27 34 33 35 32 31 33 30 29 31 28 27 29 26 25 27 24 23 25 22 21 23 20 19 21
[perfect_asc H=36][0.022853s] A=259 K=481 i=5.792054e+06) 37 35 33 31 29 27 25 23 21 19 17 15 13 11 9 7 5 3 1 36 35 37 34 33 35 32 31 33 30 29 31 28 27 29 26 25 27 24 23 25 22 21 23 20 19 21 18 17 19 16 15 17 14 13 15 12 11 13 10 9 11 8 7 9 6 5 7 4 3 5 2 1 3 0 1 4 3 5 2 1 3 6 5 7 4 3 5 2 1 3 8 7 9 6 5 7 10 9 11 8 7 9 6 5 7 4 3 5 12 11 13 10 9 11 8 7 9 6 5 7 4 3 5 2 1 3 14 13 15 12 11 13 10 9 11 8 7 9 16 15 17 14 13 15 12 11 13 10 9 11 8 7 9 6 5 7 4 3 5 2 1 3 18 17 19 16 15 17 14 13 15 12 11 13 10 9 11 8 7 9 6 5 7 4 3 5 20 19 21 18 17 19 16 15 17 14 13 15 12 11 13 10 9 11 22 21 23 20 19 21 18 17 19 16 15 17 14 13 15 12 11 13 10 9 11 24 23 25 22 21 23 20 19 21 18 17 19 16 15 17 14 13 15 12 11 13 26 25 27 24 23 25 22 21 23 20 19 21 18 17 19 16 15 17 14 13 15 28 27 29 26 25 27 24 23 25 22 21 23 20 19 21 18 17 19 16 15 17 30 29 31 28 27 29 26 25 27 24 23 25 22 21 23 20 19 21 18 17 19 16 15 17 14 13 15 12 11 13 10 9 11 8 7 9 6 5 7 32 31 33 30 29 31 28 27 29 26 25 27 24 23 25 22 21 23 20 19 21 18 17 19 16 15 17 14 13 15 12 11 13 10 9 11 8 7 9 6 5 7 4 3 5 34 33 35 32 31 33 30 29 31 28 27 29 26 25 27 24 23 25 22 21 23 20 19 21 18 17 19 16 15 17 14 13 15 12 11 13 10 9 11 8 7 9 6 5 7 4 3 5 2 1 3 14 13 15 12 11 13 10 9 11 8 7 9 36 35 37 34 33 35 32 31 33 30 29 31 28 27 29 26 25 27 24 23 25 22 21 23 20 19 21 18 17 19 16 15 17 14 13 15 12 11 13 10 9 11 8 7 9 6 5 7 4 3 5 2 1 3 36 35 37 34 33 35 32 31 33 30 29 31 28 27 29 26 25 27 24 23 25 22 21 23 20 19 21 18 17 19 16 15 17 14 13 15 12 11 13 10 9 11 8 7 9 6 5 7 4 3 5 20 19 21 18 17 19 22 21 23 24 23 25 34 33 35 32 31 33 30 29 31 28 27 29 26 25 27 24 23 25 22 21 23 20 19 21 18 17 19 16 15 17 14 13 15 12 11 13 10 9 11 8 7 9 6 5 7 32 31 33 30 29 31 28 27 29 26 25 27 24 23 25 22 21 23 20 19 21 18 17 19 16 15 17 14 13 15 12 11 13 10 9 11 8 7 9 12 11 13 10 9 11 20 19 21 26 25 27 24 23 25 22 21 23 30 29 31 28 27 29 26 25 27 24 23 25 22 21 23 20 19 21 18 17 19 16 15 17 14 13 15 12 11 13 10 9 11 20 19 21 18 17 19 16 15 17 14 13 15 18 17 19 22 21 23 20 19 21 28 27 29 26 25 27 24 23 25 22 21 23 20 19 21 18 17 19 16 15 17 14 13 15 12 11 13 18 17 19 16 15 17
